7.98741939037251,1.4119023930236,1.60473883302906,1.59776475964886,1.35170081756651,1.44574212479002,6.16826542066476,5.38994103361167,3.81728080032222,4.76037788621584,5.49240103534969,7.96075210675477,4.0821783885651,4.99193605842878,5.6396458444165,5.62433515045005,3.65705287404551,3.98444769677916,5.86467127038369,5.10093251179808,8.89524711716119
6.31884762457295,1.52423277281429,1.91021610221148,1.72417925328678,1.47440833065667,1.64494070082558,6.63028821487051,6.38973615433539,4.24566487403698,5.10543661860495,6.05501451625492,9.45247555885081,4.88048494780507,5.7607156036284,6.90237720276921,5.93551617920449,3.93456956356894,4.34468005676966,5.97141056735689,5.46437703746498,9.55193761304822
6.06760322463137,2.03349194639743,2.41903760727494,2.08062504394437,1.83083479313665,2.4666461231977,7.06669332640963,6.85127621449215,4.50287949808022,5.36772627563071,7.0679650844058,9.73771447727697,5.04412217754995,5.96170377534115,7.45347731377817,5.84232135278145,4.07051025132917,4.95279109480342,6.03910835573335,5.90218325271404,11.5297524627762
6.68257833886388,1.79349575624274,2.07326759587357,1.79595219246557,1.69970954061958,2.18893789552839,7.15733835578553,6.58610288447198,4.02346847228919,5.36017992426132,7.44450583650263,9.04998221079051,4.50792766507239,5.84011467037416,7.52577202519804,5.55348564091909,3.67103209509502,4.47936045232935,5.87790190233782,6.16351085130817,12.2247919944259
5.27366497502747,1.36151686924349,1.62133291867387,1.48350410952395,1.31324643187672,1.5827428669572,6.28936602744087,5.73547834034078,3.48747379302839,4.55776979595404,6.49913800732581,7.86754175767253,4.04428186420265,4.95799716787233,6.5632302186598,5.18729170036968,3.10296260685838,3.90501060849519,4.95369744488225,5.15883413108909,10.4000586930713
4.52072402861838,1.35526443968092,1.63598438283421,1.55141551097293,1.34455557290356,1.60733727347749,5.94611617386933,5.4068777034287,3.29523190709193,4.30972522964069,6.30646172304109,7.27528111714339,3.99847993117058,4.70721317106533,6.34882310278664,5.08525739600577,3.08288625311526,3.78860071872313,4.59891470035258,5.02206456506174,9.96243674821603
5.85411008937767,2.04905042413199,2.18094396236738,2.18714523888669,1.90431534705416,2.25450238529059,7.13235303282282,6.5816489207933,4.49495840098584,4.72212270685706,6.79662349943644,8.87053414413447,5.43348282859562,5.40626153710688,7.25315644478979,6.27470469952838,3.91668808884652,4.92066056088778,5.38985138438276,5.48927838153927,9.96617019041001
4.91282858900912,2.07533800400007,2.35576002608755,2.27500301008007,2.00743414270106,2.42032808160169,8.063962475483,7.55936680566664,5.34267023119951,5.76568407459184,8.19677295202631,10.559981077259,6.37669916949594,6.57596671694639,9.15947495524953,6.92780491212604,4.9448293990205,6.18004074648005,6.62225623167613,6.77924050137638,12.3089026741755
5.93456034563447,1.82961368372761,2.33098553377422,2.27440695026908,1.87391089457261,2.23049414001296,8.47083316798794,8.5940156242211,5.56942664108989,6.82959767320347,9.11962612073249,12.5296481022721,6.58570030804202,8.38504828297954,11.1585541160115,7.78329558490036,5.33828729652408,6.30140139263976,8.42911156472995,8.44434094216293,14.5806279564749
5.79228418038932,1.38168599186164,2.14485702181444,2.17535853575291,1.681051496694,1.43829326713006,8.84044937655986,8.4249736047374,6.03392516813555,5.86618482295427,8.68377776866546,14.0833809706015,6.3144420191431,7.81923218414286,9.96916393506478,9.44485322885118,5.79666563862692,7.24559696137598,12.0715211133104,10.9077902779006,20.7221397290079
5.58854361667921,1.33504468051398,2.03639898362845,2.4058813182832,1.52229708265192,1.52353371274767,8.28421258788886,7.55870401614067,5.97591115753994,5.66967705003059,7.71919910331136,12.2354246063516,6.22517573275556,6.9136607793131,8.99726032552515,10.8724836748712,6.05241980068303,6.29957074900721,10.4089544114175,8.75168632962124,18.5842580258163
4.72568358847683,1.30847104250973,1.93432920863721,2.10804300266647,1.37863102249185,1.43304990024351,7.59699887944686,6.64445397129261,4.92822630682882,5.02060408954404,6.73943619671078,11.1519329571876,5.971971049816,6.23287446410811,8.35122371711394,10.7292585064967,5.4912957755845,6.21673554312903,8.71922566873807,7.6243309271944,15.7752667983471
3.77803904096717,1.10515122672614,1.57195770779901,1.69326337554955,1.13890317865597,1.20622098860327,7.18686223037012,6.15931527611523,4.25325787050086,4.60596403686223,6.55568332496238,9.74562392639526,4.90700901301694,5.39905569645324,7.53520815830525,8.77471674310781,4.57955680781663,5.42253286635088,7.16160405774277,6.63414760499812,14.1922958880229
3.16390625045592,0.959156283015638,1.22028748129708,1.3762589412586,0.984564030737782,1.02615543539496,7.0922262741649,5.80622339168645,4.12575539945673,4.53734218766739,5.86424988999223,8.56886412262212,4.58626349138333,4.94869530733491,6.48668388030211,7.41496263510659,4.15501034179257,4.73497462015304,6.36381887217556,5.83863252482463,11.8141359237301
2.877870159441,0.879158227639463,1.02905514988726,1.21667199129022,0.904622296481419,0.930123467477658,7.00852369686295,5.56521070448322,3.62485903287179,4.71969236500142,6.36837838407352,8.0027505727148,4.14765944295144,4.80924799586587,6.48125979783711,6.30309979605187,3.6081745185512,4.04432261276512,6.05916139553375,6.03597579528477,13.1434510868911
2.53137066469562,0.719177274923617,0.886232944777376,0.960016085767383,0.779081382769186,0.786951496772979,6.05024103556032,4.91711916126879,2.93872835678593,4.12790653214779,5.65498172087399,7.32083186889193,3.28766396424074,4.24350800694106,6.10660074510686,5.40820541386951,2.9731818450633,3.201537732055,5.25895460448493,5.29857308671406,11.7287760425223
5.64243837575112,0.81423196506046,1.1357703691184,1.21184099614594,0.883377225297145,0.618261458911264,6.17658621193349,5.05597457045126,2.627949538587,4.20938031508978,5.71582248604818,7.04400094302811,3.05231558366411,4.31063193432468,5.89391649661423,4.86556043685902,2.69243522870976,2.73727963831074,5.13719799402177,5.12390541985199,10.7235461730802
5.65639104932801,0.626122335347992,1.0638416815254,0.918400716460569,0.601106718875675,0.472063212435735,5.74686692978962,4.7763966358035,2.59508340515928,3.79682859989656,5.20557117863703,6.71375010181489,3.17325556779574,3.98856829299173,5.58779180491304,4.57504664685246,2.55354178551341,3.01297158298419,4.71898567867955,4.54550880073453,9.73047227318251
4.80249472531756,0.558139028862915,0.836965922614684,0.804185845091785,0.527563105402908,0.467054637339513,5.31273687534513,4.2702514570329,2.26602744857231,3.74657950266841,5.14680192793509,5.79655939165807,2.90447630839294,3.64350920182612,5.0162810721938,4.57617170012538,2.25639700098328,2.34674160401248,4.54542815089255,4.81932574488327,9.81239746452957
4.14245264435549,0.676660232346052,0.88722045735194,0.86345944521782,0.576310842396753,0.603866038731574,4.98321396242761,4.15463290401686,2.05356676173244,3.59775863475024,4.73714471835692,5.38644790250555,2.65649302496815,3.4763213527358,4.62766383587935,4.14279377921067,2.00926226686679,2.16234672876997,4.17736287750411,4.34157766936178,8.54307619852672
5.92333246090232,0.604137694473139,0.879759709595703,0.70558508282603,0.677268178217463,0.563249273095508,4.97948823021818,4.13320329977412,2.1546802058714,3.65306484668357,4.60957751419429,5.29061147498202,2.62942822239141,3.48445140598595,4.40483397239768,4.06590495506477,2.02848688701306,2.41939942009828,4.15966455872145,4.10717301296868,7.99389387551567
5.61367490256326,0.990709778638905,1.06264510091978,0.967235349247921,0.971942434042011,0.776296697974875,5.33939886451896,4.29103571418419,2.421024062481,3.88957085308798,4.74010851287849,5.93010792817036,2.86933947353077,3.9547203764753,4.72580499284528,4.05886300285844,2.35393110584732,2.68995528303485,4.44766502704056,4.39196737062584,9.03377046645011
4.83577872404348,1.17740608334815,1.17937772974966,1.1112180284165,1.18295475300998,0.991889860342176,5.64173418399232,4.13806563434573,2.7306695640153,3.99063450990192,4.446279392036,5.49996063145167,2.8867184305239,3.77977201081831,4.48726816944859,4.01627040400054,2.55642455994823,2.75022816711821,4.86695723489079,4.1244725565147,8.17409235101018
4.78200206138721,0.970667242569422,1.05465762777535,0.921844161609846,0.989791202993294,0.858909457132729,5.9042144474429,4.3083549288838,2.83879939151848,4.31882582867938,4.72597910987167,5.38922575627501,2.8920887941606,3.97405948345766,4.46615242708533,3.75244412098678,2.66926421273937,2.81353797145562,5.18477942311452,4.28107653280384,7.61153879024458
3.8040994107929,0.808977655901969,0.890450426313346,0.832849482104583,0.751999600138858,0.652021910238246,4.74451387969793,3.5260160856389,2.38117841172181,3.40473187500371,3.76731407495873,4.52481106132801,2.45729125328648,3.25603857110227,3.64758106051055,3.35412231556568,2.1150467203681,2.2562288519107,4.45337578051794,3.63516407845638,6.38186536805997
3.07119727481732,0.668026249404656,0.733331930492922,0.720882866983119,0.625247951167852,0.559257871446614,4.45577351694327,3.48017715447487,2.10470962884427,3.2667006439912,3.47727390145678,4.74773852152898,2.33033141560833,3.47609462155388,3.28479335784227,2.95767796763215,2.00588853892585,2.04073130359819,4.52514092191719,3.23255229440514,6.19129563669067
2.58022292838858,0.626919472648335,0.70096559700492,0.6807841043269,0.607123373931549,0.567116993908926,4.09764720221348,3.22012495897276,1.99737445729601,3.06728079470569,3.12298026486005,4.17618075329973,2.16352296300354,3.092667323191,3.04016850972185,2.85441736440796,1.97310193484999,2.0431112832449,4.15530788628319,2.94944792470073,5.4960033063423
2.36624652977094,0.749381068741003,0.806963242081447,0.773669244195222,0.673845793544946,0.694430583959995,4.29877149850337,3.52401997008399,2.23491849551904,3.25299142806257,3.60503069853756,4.54244749551313,2.40702974138919,3.23894623728122,3.45531346700958,3.21158606051365,2.11094538606146,2.2578610940661,3.98514756288759,3.21564655370931,5.78796198803538
2.16628045559227,0.86001298775185,0.894810936181043,0.627036926377127,0.745934572848454,0.787141541926696,5.3594166650346,4.39658848096914,2.35613641728551,4.0288270640369,4.32103945924229,5.47943318239466,2.50548960921622,3.87071590462436,4.22572174713645,3.45637689380572,2.22767527598421,2.60904980832285,4.46141809771882,3.7713525543094,8.44774067011955
2.48391710494214,1.15552421523045,1.03795673047973,0.967458549758115,0.968527837563096,0.82849620858589,6.84507179614092,5.43811994203307,3.73626526863488,5.17191331210519,6.0786987213201,6.10941368292222,3.48679742779541,4.86496620967589,5.52156939087256,5.31495688869294,3.67274455967291,4.07382854759825,9.36546782783719,5.01884774454291,10.5215044806813
7.33484798084867,0.833423310549731,0.893419672279537,0.485469640490431,0.390234635132753,0.268643139999745,6.70281816121435,5.38345821587904,3.59835000800595,5.13737066253331,6.05710023030301,6.3048093357985,3.37042101026371,4.8526653412623,5.74860725606737,4.93784804129819,3.48617860417974,3.88560367389712,8.5412658223733,5.25150508550561,10.9795327702201
5.62501570330446,0.8336188957137,0.838320461096483,0.479039002655911,0.478882463313546,0.292766494860858,6.50152081473602,5.17558412736802,3.37044239066332,5.06442358497618,5.42948719372368,5.92981732935216,3.24979519823223,4.66304409373814,5.30227504483834,4.52708691090247,3.21414019774311,3.59782411480216,7.56239237823196,4.81955964558428,9.58276134697553
4.42142590293079,0.622984411739133,0.734743347104144,0.448587076856557,0.450751473641895,0.289720501515606,5.98679348723483,4.68288063634674,2.58426070048341,4.50180720813896,4.94086310140339,5.35056373144437,2.62344918261781,4.10342747356327,4.73216612356396,3.75911025261662,2.60671622247053,2.92936814700231,6.32810926544671,4.41279859851795,8.48280142746299
3.67159620098286,0.547696405447067,0.624647926875239,0.392531316909835,0.465406571811612,0.303601362454352,5.31330068202181,4.15283920073042,2.47252743151349,3.85643058727399,4.41880282030014,4.80797014869999,2.54268734648015,3.51012911583472,4.15589337058193,3.69108234989436,2.21436223888715,2.65970059862202,5.61842841434648,3.87868376578303,7.36644665361547
3.03794451150404,0.503441135926518,0.5400604495037,0.399234905944034,0.425295937255335,0.316742983112327,4.89663406515666,3.99921268016101,2.16109864449115,3.61497449409679,3.89604276494612,4.82433527511893,2.22701401919247,3.44269193101025,3.76051369860703,3.22632485573573,2.00722095791091,2.26432927219437,5.04039009200735,3.50157271660795,6.20905994922715
2.70523580295043,0.554215723024631,0.631351769963563,0.484100927339358,0.497905048771574,0.38260250160967,5.80651897744368,4.70946662377151,2.7963725401161,4.29927720739563,4.44634059881099,5.36106889730816,2.72030558516506,3.89564992548801,4.12631660657864,3.75627974275641,2.48621501117802,2.7786961278859,5.21062766756954,3.94888147568632,6.52632485525298
2.32163858830139,0.554185495471879,0.600365645737444,0.564295100252304,0.525534539299099,0.409892196518699,5.20360705381944,4.13632393961346,2.65584851218171,3.85700131027557,3.83042247715934,4.78482167803894,2.67932927322026,3.5431478451797,3.55521686423569,3.60573215891542,2.48874313332158,2.52929257808552,4.65904617366878,3.45806909674407,5.46952267659438
2.13417899328591,0.51141175291805,0.557602536447546,0.538757073642073,0.486754841939844,0.400324283528387,4.79910067390931,3.86823818871909,2.61783895907872,3.51615150126706,3.37483820539717,4.58664052670488,2.68124777587362,3.26943639212076,3.18632290087945,3.580433476132,2.48670771922246,2.40604252084525,4.10685373047099,3.08328224976346,4.80115005285609
3.36136753578164,0.523179325587476,0.293766668952709,0.444613890094652,0.290690865569803,0.0795545779211781,5.21458830574951,4.48319659941841,2.93941726535533,4.03069396923843,3.97003462429918,5.3874845080174,3.15872258579058,3.99464662126229,4.03780277786415,3.7134510522716,2.88692187002554,2.75473969662762,4.58635002306422,3.70485644077169,5.42538296974607
2.80800775343928,0.573346430020492,0.384290756432704,0.488876080764227,0.386938196262594,0.2324252372643,4.86616484975817,4.18766581354826,2.97132745669468,3.87246215815802,4.06951358702155,5.2900647976283,2.9336454842956,3.86183416840388,4.15141749129361,4.02664489065114,2.88188554214366,3.09515776457197,4.5190259484332,3.94152005033794,6.30582250550814
2.74010296386054,0.573695890781027,0.436200831952075,0.734401336992159,0.380335482858373,0.311139647325584,4.49237164908995,3.92401576386137,2.69868257375858,3.51068052215417,3.8585835147261,4.94120581660591,2.66545744508671,3.54125489096183,3.85688959248948,3.88996849482239,2.48208639106785,2.7458187999458,3.9674141621542,3.63836279491057,6.11035831268935
2.81444113478921,0.659302415969211,0.595228106726686,0.750553022462631,0.542128228564402,0.452145819789316,5.52089532500223,5.07464140066358,3.30845726404677,4.94218037045336,5.03428218178679,6.17219715770763,3.53447339485953,5.09299407218244,5.2716576948088,4.86278252516323,3.57098085973639,3.42261459474082,6.02162069409532,5.09474762486464,7.228471756143
2.48665556096867,0.631692913951661,0.568356016028109,0.607640143192149,0.529286158234106,0.438379881016665,6.35760216172379,5.17696112594528,3.50940932259723,5.566206892899,5.69914515923433,5.8589012884797,3.31918478228909,5.01140693259267,5.16252148436689,4.82209584953347,3.59413141666614,3.60990738578742,6.26979958884109,5.46162352797659,7.46289488170088
2.2961577078654,0.735748632379752,0.671850459856895,0.794235990366884,0.673307923363035,0.648850508451408,5.43497048521668,4.47298188333661,3.17580212856266,4.82222611273748,4.98239415274086,5.1944229232938,3.23022421447123,4.43288317238711,4.69512636547476,4.78307576996415,3.36244676926028,3.50175244367704,5.56737743150563,4.88835770897508,6.84468325454952
2.97958548445782,0.678204675701915,0.759446656765213,0.742121559510445,0.664998645973735,0.702945420887531,4.84113886718045,4.022383586935,2.76213116729689,4.11766716819702,4.5542300062767,4.75713909553563,2.7446575379765,3.79700128783673,4.35676152122217,4.23195901475354,2.84191217998158,3.21994496291846,4.65905253107039,4.28760430760522,6.56892920910479
5.13201321331191,0.255770443880222,0.362940694662637,0.403177237797881,0.18544778528108,1.78088870166273,5.72647424660965,5.12425545938856,3.40214909702053,5.09178456710669,5.19543610915956,5.91308090949726,3.43364216020319,4.84221946898743,5.04614352367823,4.37341040462501,3.50409138561011,3.57744211725496,5.77806938047754,5.12968202332284,9.15900848893119
20.8064247393482,1.94403628598451,2.17227364721838,2.10335266540317,1.80433440561891,2.67918361506857,8.47649312628268,7.97090458656383,6.24522223375577,7.56880384330705,7.80369188395889,9.32761925818918,6.39189591138116,7.5004254247667,7.89224867991434,7.06974184397963,6.01805525022359,6.17830941070301,7.99072331360883,7.35995493703115,11.0486471909774
21.3650749129072,2.57002291416179,2.71057491961929,3.04216587308564,2.36656985335826,2.67173871781756,8.2888961383009,7.77293602393694,6.53709646990396,7.51083696423432,7.36836995899699,9.64054424300556,6.84663907256913,7.82595240235406,8.02384154592455,8.1776375604835,6.55545959440327,6.34306446394063,8.72312960836611,7.65178991019065,10.8508561432766
23.493273704376,3.34203734105232,3.55601692445947,3.89514483574037,2.96311590671122,3.28595045455829,9.01383599800589,8.49138304288609,7.60071487499758,8.22347343272859,7.42509625406891,10.3522562050918,7.98483032244239,8.50312800982364,7.79464502787599,9.73697130121633,7.67084354095837,6.39410889867799,9.30415139219663,7.50919870553339,10.5967204211342
42.0314341825243,2.79248768365314,2.67429357957885,3.11947106704963,2.4409095080501,2.39015783513154,8.39281097088806,7.4131171114029,6.72814164726158,7.29667294634288,6.55447719314216,8.85004140459625,6.81409526309149,7.41370443263792,6.55346920151911,8.59592228973451,6.61088327125479,5.45539073409746,8.40684938829757,6.39994244355727,8.98112409109025
34.7243413888806,3.50064605088018,3.24540796764614,3.75645049013445,3.40589575346963,3.23955735949315,7.79932762976196,6.99986522730384,6.22555658364242,6.74069750114812,6.29603144654541,8.48966975181346,6.31258609514598,6.92465006845369,6.44484615800566,7.77118579518076,6.10196335997444,5.29796936613433,7.62317062501016,6.1889231960716,9.48404356416045
26.178195543742,3.05272593912037,2.96841502012036,3.34973495957295,2.99292198454054,2.84255850470094,6.49229676630239,5.90861769363546,5.15946123225211,5.61990583588834,5.3657247235816,7.329143741166,5.3272389367928,5.81201254905758,5.46155548889014,6.48866663270791,5.018693374557,4.48553017759765,6.32719816683935,5.15936326094583,7.94447407154566
20.3135728491045,2.62293642458461,2.69871613238561,2.89253075265172,2.64446042947815,2.58731133739088,6.05259105402113,6.33222821773094,4.80314082271597,5.28022481759715,5.38274843524395,13.5437899448383,5.73456419939655,6.02506207748825,6.08867438081512,6.43034786072366,4.57894241962971,4.6343497840163,6.01122934427675,5.14696947930904,8.1679892985508
15.2650589838869,1.95247191599991,1.87208516263827,2.15696319884638,1.98847347597861,2.0232594924301,6.01525792620717,7.43556143102645,4.25514876167828,5.45713917669852,5.283711384552,17.6512673487672,5.77773821621999,7.45831724143909,7.10467806474871,5.623441599292,4.20853493061517,4.18378291367549,6.84020207472287,5.27390932780774,7.97253434237197
12.0320570940131,1.70905809387875,1.61700848490657,1.87711824198951,1.72919267230046,1.67604463448955,5.9704242409579,6.93550950119752,3.89025543814497,5.20687323459844,5.31977167683983,15.9674328774252,4.87696519607883,6.30846373320682,6.46659925295046,5.11494706075229,3.8096772231513,3.9780231562909,6.27229860225419,5.17785866251594,7.9187849468744
12.8250088954699,1.47613824371067,1.79111171842919,1.69082657310946,1.64481861008261,1.69666936496123,5.21931198822231,5.57662686452792,3.52754054187565,4.38874298150063,4.75866941913284,12.5013262553271,4.04492353748135,4.99155575570419,5.45094041837394,5.18380056390175,3.39775692682847,3.86886683334541,5.34708431724548,4.51252312569849,7.70709215837952
13.9624190279555,1.60900998782512,2.07289020540135,1.9861921844041,1.7784777997705,1.91832808063884,5.67284114778064,5.22556411867966,3.64202463916785,4.66158443492935,5.17057402847424,10.567052607136,3.82062971761579,4.63021067274256,5.04486830770623,5.54074722061108,3.5326087211493,4.07095326080742,5.43628534197131,4.89599077597206,7.82902340184394
14.8531380530998,1.5467220727588,1.87645781034623,2.12731333067856,1.57944937271074,1.92447217080748,6.20570912146932,5.12151564705816,4.16479669790631,4.90787316721928,5.50353751991286,9.45029289022309,4.25141919096685,4.60774899077631,4.71636672934515,6.3830933613578,3.80390407333859,4.31911899854881,5.89227541432433,4.79511992209789,8.05924880354929
11.4408073937044,1.68326938161926,2.21798358863347,2.22542888280943,1.75692407205683,2.04406077687666,6.26504113330978,5.52610110359848,4.63883091215295,5.04537933079134,5.96364408770504,9.75155913125836,4.89100094724183,5.13985040453191,5.28609012703579,6.82160906782001,4.21820556983855,5.12585062534979,5.78360640273482,5.13108592648037,8.64722328761225
13.1168443333649,1.96739505752533,2.75152686211029,2.28577925486701,1.86311543146669,2.22517341004684,6.15845546898276,5.65803700243001,4.5300481778741,4.92605017802934,5.99911898216958,9.36473204489776,4.96845552176894,5.11668946095699,5.53802960659162,6.30235480320255,4.06504477754622,4.8824489493587,5.57729393161581,5.01694179122658,8.95632617478729
10.7490194329553,2.49347984284561,3.15387773901059,2.96045216764406,2.27959299763251,2.65741383283272,7.30139283460537,6.17424760391791,4.92566795008059,5.47384326721409,6.79397849049305,9.07399534277487,5.07966355271895,5.47088517353564,6.17993410978606,7.22799477139793,4.26034613067981,5.10179389725283,5.77778787560813,5.65365132744615,9.53664631727969
9.82450417432909,2.49811844444561,2.74747443582389,2.83372589149106,2.30610377468719,2.70345690855304,6.854474732658,5.63419880489558,4.68741049605846,5.51554658776769,6.65387689895279,7.85125683365958,4.64713755994329,5.13301630359336,5.77912663069824,7.27644522098695,4.25342756222089,5.0345061317416,5.94912362040688,5.95816187619494,9.28407756500996
10.4160301464749,2.16690757753773,2.17361433802961,2.26651641066598,1.99103509604419,2.31335026850875,5.9155652601442,4.95200047028186,3.96902441044008,4.77283619351349,5.70033301738902,7.0347581156837,3.94052356999283,4.44591770052039,5.11147623056332,6.41425250156315,3.63666342751144,4.16314085638392,5.129943160593,5.0518715610418,8.10987692696303
7.98909838353624,1.99351652422298,1.93279174906268,2.05833171332827,1.80017408097856,2.11461992011458,5.60679485448298,4.7999305518313,3.71497774733533,4.57857180058088,5.36281324607696,6.88422004982698,3.83687059417795,4.47748589289867,4.94923779191336,5.83706631775661,3.45873645631723,3.97113410032084,4.94666250645315,4.77651765538947,7.54532311378596
7.45663711893536,2.29769902019518,2.35263050930622,2.46077467361867,2.18384579435427,2.43971996292719,6.41956282953767,5.89899998797365,4.51297350448715,5.58504679941491,6.07646827906082,7.87726274824205,4.69962688861373,5.61739367439675,5.83841547993262,6.39834287687198,4.29496866706516,4.60484625925238,5.93778998491606,5.64223658083545,7.94934141016416
7.17237675796863,2.14308643112739,2.13509131910262,2.55055161744885,1.89120543116719,2.2280912080961,6.38629828364253,5.70740498527314,4.80635222020954,5.46499114984779,6.0392263161126,7.47111461810047,4.68681752541319,5.48397332601463,5.8790768111675,6.64529691227301,4.40002691870324,4.84406180355914,5.79453269086909,5.63905630698,7.98916873504441
6.75004555998034,2.50899671677609,2.77764238108515,2.79787780505453,2.18742289372141,2.50733506146731,6.73698592047896,6.503749275224,5.08682320362963,5.66669040904384,6.31894164252967,8.99835044813548,5.49989162962802,5.99186123738912,6.58134056906426,6.66369983420359,4.61575664460061,5.09233501599339,5.77150690743234,5.68715295460661,7.89686097271348
5.16695164798954,1.91847388897112,2.24509684155304,2.0903568413552,1.68696186889491,1.99143838693288,5.70101075365748,5.43791509267556,4.05209152086716,4.64682346145468,5.17190882878462,8.1345909042609,4.42963134967636,4.95236923210184,5.58636228885643,5.67828491581406,3.77643413732201,4.09102215239958,4.80939909289848,4.68335029994774,6.67547129343004
5.81654297791747,3.28259110829981,3.64980030749529,3.36913936385244,3.12927548657996,3.48285700035765,7.83880154825216,7.96786214559029,5.97302410726574,6.92798588150209,7.82309708314832,11.7509119537227,6.6639970669749,7.52705289850652,8.48092223771131,7.29253784016361,5.74257828123375,6.39475078052384,7.1474573218601,7.37036471631575,9.71982482985607
4.58803369349114,2.64692353354695,2.95309841799944,2.74941306594305,2.53301369241207,2.91560895848692,6.87067147548886,6.80554087448658,5.0770693907169,5.9737062506476,6.88080231033984,10.518490748447,5.87932356332873,6.52145413694195,7.64273067280109,6.47301429005977,4.91803545185543,5.67334569267671,6.18643741378511,6.50739909420944,9.05309544973283
3.73283655882597,2.17369143737588,2.46039835776886,2.26810607779971,2.09238900202097,2.34388734074377,5.8491767680733,5.82074385845554,4.30856234770821,5.08540401067881,5.72198919969778,9.37484883816407,4.978216235699,5.56226308047569,6.427129160431,5.5560737379681,4.21617830274286,4.81024772132094,5.3106809424471,5.45282105288513,7.70033561599058
4.33433729655439,1.71578999292781,1.89393526660922,1.85559351515313,1.6115442988764,1.8362582105071,5.13458472244035,5.06755025589226,3.83238265285185,4.45067172020843,4.87749199715119,8.47405215485422,4.57961090172941,4.9160501163475,5.47716904557192,5.40376007659285,4.08947121640064,4.24951280668488,5.04751385910504,4.87569769796023,6.79749150086103
16.1079683683498,1.16795747379421,1.88919295249978,1.72484315450984,1.70831139439376,1.76964100650896,4.39220224640933,4.20772061731564,3.16908000985173,3.66037825984408,4.0736742556807,7.08700808978523,3.86267775582444,3.99072928474576,4.5063277242928,4.94796443655429,3.28340370934629,3.56995465983805,4.1076850921282,3.96109370260963,5.7222337321714
12.8646711900702,1.109307867945,1.95274563594675,1.54249182465508,1.42370298253508,1.48136581388495,5.24365551903933,5.18685684361311,3.56200695953173,4.33496890333727,4.64394510980487,9.68810864759259,3.77680984341402,4.76303310651876,5.13717892585238,5.2783307489312,3.50185637406596,3.66175428862784,4.87063793120646,4.20534479221078,6.16643600588488
9.70531043116095,1.17262293946314,1.5610302693948,1.31367417744547,1.16187076822764,1.22896686352715,6.22350178879394,3.53357740658655,3.6754614875284,3.25854387111452,4.1169685858718,8.89875531556475,2.49194323567392,4.30643096625866,3.74527257286379,5.6004213634761,2.67778607752573,3.42637628817403,4.61035108595657,3.49179663338725,7.10374999894206
7.46360776061413,1.06806149793537,1.20356110684473,1.21809193031441,1.08226455390526,0.937217913612852,5.45679282759635,3.24372514666167,2.8774765024526,3.07236766652014,3.56329000343464,7.56089800908279,2.06083904262094,3.7411582074414,3.37567744611777,5.54769880745163,2.43261516140366,2.72036083659056,4.83477893389175,2.9538396997426,6.3524589626945
7.92848832495948,1.33047800468956,1.30786115618263,1.32578822594752,1.25941762141647,1.26942689883504,5.67872745434899,4.68230136933144,3.51521841973742,4.28602891490315,4.72171609686172,7.56773687737237,3.78702025339712,4.1849457661414,5.04714215665773,5.76347473957054,3.24861852461917,3.67922752075736,5.01374749257668,4.30604104148079,8.39551908601087
6.61033277340413,1.16775896043895,1.0629195161038,1.07495404538433,1.04531115458938,1.05493460165085,5.10633616027729,4.16742960149264,2.98191226336665,3.77610462472245,4.42814237300827,6.74048163308864,3.37037722198795,3.66667527870525,4.68606489825362,5.02505081777704,2.77631680913809,3.27948971591645,4.33688283748511,3.93449407661,8.06172467812318
6.60580171811404,1.27757457101163,1.13343455290927,1.48238673989046,1.26244900532578,1.07958035767935,4.71643375769636,4.03100683439055,2.92479421838868,3.6011242000568,4.03212965594362,6.64598612292589,3.46269674850303,3.55473209730004,4.37362123660823,5.11775128883964,2.7292031279916,3.07172683987229,4.11067285279775,3.58424986838265,6.86936852564505
5.72601035615975,1.6537475567162,1.5420434789339,1.65884993318972,1.57271400991416,1.32257469197065,4.92946143964023,4.28801411709872,3.12450448977232,3.91101325114297,3.93377995084535,6.53505969654133,3.58720867686485,3.86233429674043,4.25404657628273,5.00921980880759,2.91270603618563,3.03502489469343,4.29619048913133,3.56435934105944,6.32890460468624
4.83205729914237,1.61244490133982,1.52606631104303,1.71716685507537,1.56219822048697,1.26954460207149,4.53368520463614,4.03423096377131,3.05294646987132,3.6173950120833,3.64903025967815,6.22013873653358,3.41693363002803,3.65407521831742,4.10514789807119,4.90295035781611,2.80777225385984,2.88966075472925,3.96225924925657,3.30435597985674,5.84186443568914
4.12432673794475,1.52702992390621,1.42657433547677,1.63970843145461,1.54635712630595,1.24768519766503,4.5464396986873,3.40976538964933,2.97794562285157,3.71115541736447,3.67744949561891,6.15909981438208,3.05039806703142,3.18261014834418,3.46248814913973,4.59598103480069,2.75841667627354,2.95338138085163,4.21677313713254,3.36245668671619,5.60035895514526
3.47158234729316,1.36942829626762,1.2815423650062,1.33194109218207,1.27474029427909,1.29152568552431,4.54789663244043,3.52558376182667,2.88710445923354,3.52528985364656,3.98271336613232,5.73451044567623,2.89720769329101,3.12063818560886,3.87135503670178,4.28993164294264,2.58860133055028,2.8856625482036,4.16367680233569,3.28410075240078,6.48101375617983
10.5769177189838,1.61202628524861,1.62858388576225,1.74593153354158,1.67141487360358,1.54641332745984,4.61485535430696,3.59416896584337,2.96609932259669,3.61830328884075,3.77159820468708,5.42628955534152,2.96591921757834,3.21507425668508,3.69055586085169,4.27229468091268,2.83378234713776,2.86874525219987,4.31739989401928,3.43970004505119,6.16254277060202
8.27158110532651,1.60274184722671,1.65508941151551,1.69041701710334,1.66734720284939,1.54500497892359,4.37143759921369,3.75328941782154,2.86225663920219,3.43868586462837,3.72708144981428,5.87691576839171,3.07732751033942,3.35023498845159,3.86440242113046,4.17960386031301,2.70510735457882,2.83880692046406,3.99427474235554,3.36769929095131,5.82421738380228
21.9364149365498,2.0390299652095,2.52976233822329,2.10384234212879,2.50446462936622,1.61152608270452,5.72176875771924,4.8975363504855,3.50201393855335,4.72775090726022,5.43992408455176,6.61405950746645,3.63983016913763,4.43446927495175,5.17170848359747,4.8181732595743,3.60318555693574,3.84841227229712,5.92699211266802,5.18409587986294,8.46067980324785
18.5384231493864,2.24928548077343,2.62330188082922,2.47293296598991,2.7404480061053,2.10548907012412,6.98113199892467,6.36205186455605,4.71654800268908,5.82529003696594,6.73424709946839,8.092073794567,4.83557700548231,5.73102742101566,6.76753857907959,6.18007350382127,4.70338977215834,5.00690890464548,6.67187193365688,6.2147169116782,10.0629614637303
17.9827000357431,2.85618281192908,3.17425907090663,2.78582132083671,3.09173983389665,2.75975830494295,8.07802183686579,7.43374737033502,5.4447240675012,6.66295976499894,7.93654077538634,9.08481506870993,5.68263483151572,6.67716702748072,8.0754792566695,7.05303002062326,5.32528162506319,5.96693816193997,7.44835423681778,7.43124312627698,11.2447446918313
13.8903324292063,2.80857510608915,2.95292546850406,2.499544124286,2.84426868924163,2.63965598743471,8.04805456020199,7.26583703280814,5.09613421626097,6.571954759465,7.95906077352893,8.71986733347029,5.3031692833193,6.49133865396184,7.87430925867318,6.6964521245862,4.9316999628424,5.51671577786191,7.047662742993,7.26500658494114,11.0920052714568
20.3181127745474,2.28054521458471,2.85829406008202,2.61742355437906,2.61473376842253,2.33998966351046,7.04964657123566,6.22702366976788,4.61271966413258,5.67811224993641,6.42863793159358,7.55161712800292,4.68310768661423,5.50307660057872,6.34202864584001,6.75635976253535,4.15012446984678,4.67853955292749,6.38903921500063,5.85648442811308,9.11027938396428
22.6114873721753,2.31996138719034,2.49228466416378,2.46556270859383,2.41937327447898,2.40354590530211,8.960296731711,8.09939850611199,5.25222285942195,7.950386880347,8.03273070162478,9.97454725796489,5.25180970339802,7.84529282348652,8.45718388300164,7.09142638714593,4.95440030789465,5.39595183503322,8.87267891043787,7.84421797864562,11.4553928953344
22.4265784432419,1.8875907852903,1.75900582073844,1.95756124194509,1.98345843534069,2.14331694805866,8.62631672202044,8.00947469179661,4.95498102371055,7.53169686040828,8.07451063754248,10.1549769329587,5.18811110807473,7.601917702954,8.61758424136988,6.53504619051137,4.55406797184257,5.4604058960627,8.20978822084652,7.57959338065274,11.4828998604137
16.7570806587826,2.04008721047466,1.94555587863249,1.99413136685995,1.99066110997808,2.26416033173703,8.2846731007884,7.6799160358981,4.92905996312684,7.04038158085013,7.73935794014714,9.67247675688888,5.24597964543845,7.10151361733332,8.07352175201746,6.32626481719405,4.44284459848286,5.3465699810961,7.47518694421707,7.06293999366101,10.6136723751681
33.5729646550001,3.33239512105384,2.6456026416036,1.99955706176721,2.26413773906327,3.0939860099574,10.7913687989196,10.1102095336669,6.44356461716257,9.37507579382582,9.8392548931819,13.3209912448633,6.72269377550429,9.75098061772832,9.15215266198089,7.62057854411899,5.935469586883,6.56633613522592,10.5940495420008,9.7786806733989,18.8159576902772
25.0390847944129,3.01107581984021,2.42652125699098,2.10511087571364,2.30434644049959,2.72161294295954,11.5334372788316,10.8660893757211,7.16943961199979,9.90952667653912,10.6939817577295,15.0259420922438,7.44566649492396,10.5864088039651,10.760270649836,8.50545116771616,6.78213629655185,7.6160216539503,11.4766012621861,11.0567714072674,18.9770279337862
18.4819828869729,2.42748228354988,1.93234795825593,1.73953285041431,1.9129676791118,2.04675223586327,10.7802493426115,9.53952381494068,6.95987510600832,9.16399568085147,9.34091753335632,13.9021104312802,6.68681743303013,8.90119288268588,9.7652321045529,8.18449663394005,6.45198431961472,6.78196928924043,10.3663541280491,9.23187764825788,16.1761838965814
13.9206734308457,2.24978634967902,1.79227772801594,1.8567094426331,1.7307628848248,2.05682964127499,9.4878312085554,8.03654933134542,6.10496914994557,7.57336207369141,8.09842432835404,11.7861877707477,5.69216234494718,7.2645526305932,8.20118900850825,7.40619798345126,5.29608324746533,6.10331030055351,8.49420573415705,7.5224840586737,13.3935452172099
10.3587392037835,1.87779938056643,1.61612892116946,1.60348298319779,1.50172138909658,1.73641346202833,7.84349204002186,6.6554981829983,4.95316496661368,6.35671941456463,6.54962590232481,10.1202537875699,4.7048395841337,6.29662287429157,6.70852344054388,6.52238813931571,4.25573353591734,4.93313184313686,7.42029309206695,6.21104691922636,10.6908358850062
7.95645594579753,1.70364642967147,1.49848424355492,1.47245104974895,1.51515393492738,1.66366341765418,7.15968237769309,6.0333003740214,4.38969474269392,6.11803100738719,6.1264239045904,9.18771320495597,4.33300156607951,5.89897634682348,6.21176410905097,6.21393374662418,3.93516311596186,4.49105912816048,7.27334557677484,6.06875515599827,10.0862761957187
6.27363875893771,1.5044349046826,1.35086874525012,1.32957999072214,1.35171092039755,1.45149100800227,6.17542614227583,5.27417387155919,3.93203305099239,5.30938699486353,5.28582527033076,7.93491513051833,4.07463805772999,5.15162525597834,5.50572205821786,5.82596259475467,3.67489297312285,4.21282716837792,6.39951892685758,5.36874130348509,8.90898585735651
5.08541810935601,1.54485619387236,1.47349388573297,1.32684156925762,1.42604282202704,1.64281922379757,6.69353371687054,6.13123390057187,4.29444434070786,5.51707416768394,5.80760293500249,9.59692574115359,4.63863135947085,5.74071167509728,7.01217546212478,5.88025428465638,3.84073832792094,4.61372453397978,6.54318624141682,5.70732393242055,10.2153377442871
4.1773109891121,1.43522603167399,1.40966941650359,1.3219716179589,1.36153364761615,1.4918659579438,5.67288432920236,5.1886189811405,3.74101839578974,4.60617965252193,4.75369974064427,9.08506183434018,4.28141323448803,5.07682846571797,6.56040342867724,5.18893748424819,3.41548689508577,3.94951715659387,5.62108794072143,5.08301329763858,10.1777215682687
3.59318472015591,1.31653146222124,1.44421032455821,1.17130078150621,1.20013339351728,1.40577914229849,5.02461221184898,4.85922680931872,3.19950997320107,4.00576422551661,4.36136738922274,9.10880698399403,3.74465145932252,4.59976980088922,6.39154052537984,4.4108913684644,2.87140335749382,3.35487114541355,4.76816041456437,4.4435404805489,9.56364912559111
3.0985130214467,1.24808409604971,1.36700045728563,1.16391131875836,1.08264221520104,1.26276628736324,4.66124028220994,4.27555606559116,2.97082915791019,3.67778191309177,3.90759583986109,7.83146348054261,3.4028094368992,3.98696307101329,5.17918850997831,4.35192030980739,2.58374048730064,2.99697635594289,4.48744344462301,3.75979507584976,7.93589505641426
4.3687664627938,0.932621744904277,1.02581598012787,0.735162662231026,0.775249128075102,0.798552513025987,5.08891583299461,4.46770103732062,3.14792188257298,4.01250011374315,4.17599921776261,7.54945155376369,3.37251473842116,4.10530616953115,5.0075201790767,4.49688156250962,2.75059441298833,3.05825087884657,4.75830436654955,3.86856565188954,9.37966559679988
3.68105099499729,0.854974048933855,0.923140677424994,0.690529000351397,0.72039287835586,0.695080260190558,4.70566804838339,4.28112834945738,2.8292876354084,3.64948111309912,3.94445735922123,7.57372772743954,3.03928389881543,3.87499213160366,4.94739939747988,4.1433590850591,2.62580391566729,2.76521731876257,4.30949273298856,3.63073570061098,8.47284563281443
2.94533046117813,0.6738492639904,0.668731327415675,0.606627855326334,0.577446855246226,0.58318849076677,4.0444837910604,3.66208664525902,2.4735481904018,3.11517443838595,3.40291855727499,6.9580836113347,2.4967386881028,3.33296005392969,4.35829319772405,4.10904663792191,2.34252883276171,2.5631529217945,3.80586074441798,3.13593828913895,7.37410156350913
3.74866813769689,0.800559117353849,0.712381072491279,0.719817020909268,0.711355921941573,0.762859355617444,4.37005922828839,3.81227554229917,2.68920863853821,3.28273085794476,3.51599815101546,6.63203621722489,2.70047024943512,3.37458712648427,4.17644149725783,4.266292542566,2.40811036964399,2.33690860743119,3.71597566487361,3.04150957564087,7.35176499340235
4.43836731052266,0.690206526324102,0.50768517616309,0.664116997898516,0.59650574529343,0.750228391029141,4.56153853448118,3.91072616758219,2.71123693385568,3.5080425557589,3.80729307264026,6.56210083612127,2.57101604504365,3.39100590563694,4.08594412114418,4.07449554607237,2.4331278631046,2.58702281667084,3.89474199466017,3.34337378722923,7.24942468864021
3.53374460428544,0.667849685118366,0.533237194263095,0.618469691423629,0.599859422783363,0.633132418841248,4.38353945029226,3.71170519524103,2.62992332630238,3.3322338357053,3.53491256076621,6.38767875077621,2.64839455764383,3.08950314052629,3.84966897534673,3.82361729955596,2.35121835430098,2.57243938819229,3.58244547811714,3.09221862622766,7.15022260135417
2.97317602773298,0.839812429182243,0.757592892666183,0.77235359101594,0.787700589647722,0.804921474035546,4.62951094996258,4.10020244519995,2.63833933478464,3.5545922054756,3.81290095828993,6.90672245982857,2.72900899949868,3.65855056178616,4.06328361767807,3.98407904876505,2.37900880353372,2.42377791217642,3.98066351636753,3.25372173563752,7.28245321299928
4.08431707422778,0.753262299381038,0.601452700772924,0.629601868928318,0.787115313447192,0.773838944654439,4.607674346042,4.03606321862767,2.63917030693761,3.4969470329221,4.01469005605982,6.55986026666918,2.75902638279476,3.53627279221954,4.38330934408595,3.97931177411959,2.43753138387363,2.90432575020607,3.93485133233935,3.49389853968999,7.75694643234055
3.31406699068964,0.724218808752197,0.582527736175404,0.591337294854148,0.746400757314843,0.711606487583594,4.25924246259015,3.65816877252928,2.55685036468878,3.43396308371508,3.92824727625388,6.46645804078662,2.82886682631627,3.12529517629065,4.21364254943728,3.88713782085676,2.3874340138264,3.04744039804095,4.01137264845766,3.56640418308755,7.50090466387053
2.69623261328871,0.675138355310411,0.582845833865905,0.534637799646433,0.645250898600538,0.537854309642355,3.96631680217571,3.35189083381294,2.30881123663987,3.06459970047051,3.22796965894418,5.75387942289117,2.53496943837595,2.81743567944045,3.44773411020309,3.27459189739663,2.07379843089516,2.5160929684617,3.4667114500449,3.08525096750184,7.08937531649104
3.62815597361862,1.02379128917421,1.22452911681804,0.972234767057201,0.959569759734505,1.00371321542996,3.89146856459528,3.45386899562634,2.29587317655348,3.1508557801351,3.55217326553752,7.1508050981964,3.11023309172226,2.98985673075832,3.92684433453264,4.52721139012788,1.85054951971134,2.34145943471843,3.74105423522268,3.53445370503452,7.32915161457083
3.14218865146952,0.922535781969219,1.24718717963409,1.13012840800816,0.916137984542163,0.921289483075268,3.54306740467283,3.25383174933617,2.28379436050974,2.76139273653073,3.18326828070302,6.98966312139164,3.25814708041574,2.66134185536783,3.81632275313978,4.82121956012438,1.91696274904716,2.32773296027035,3.28916047928928,3.04194105515932,6.5996738400212
3.42010887229034,1.0101887991056,1.33360030958103,1.09764771039422,1.06021481670056,1.09056402001642,3.38176779628992,3.21565060218643,2.25958732147713,2.62419197987192,2.98723581714675,6.79705909780478,3.25277637722215,2.65420342366835,3.69188022242087,4.61111248608549,1.94701155440673,2.40929399871537,3.22321173211432,2.98127041622087,6.03387618954757
3.47131941760664,0.945313145068941,1.12695166141864,0.980575936771333,0.902907308551721,1.05696088757097,3.47182696399151,3.3799937565098,2.33253565819596,2.77243906898086,3.09735204517126,7.62019074065662,3.11100726415544,2.79218433042033,3.91890325135227,4.33090851912735,2.03889565014924,2.43000833095549,3.31382637625247,2.84442405086656,6.1639608357243
4.76995822502957,0.821417051455785,0.953200959559933,0.712945658220127,0.783178297452433,0.836100841960813,3.59982591445847,3.49990365790945,2.23071060275902,2.65462924513783,3.15510355684173,6.86554281410007,2.80925336512999,2.77013839205162,3.85748791082946,4.05000995475679,1.89578901888298,2.42731811880295,3.05443635038987,2.85095694978248,6.06239729312417
3.74550976957444,0.746262796449978,0.840929684095172,0.648782106040398,0.688691594357126,0.725355959811223,3.71661184701849,3.1972861864583,2.16904922519543,2.51288851261098,3.02149018780442,5.8771845640954,2.62253512643882,2.40123414524451,3.41561423603836,3.85488124224621,1.60955635682892,2.26284322407723,2.90956817861607,2.54828276106466,5.46936578211641
3.65356381423756,0.520003977677016,0.504665113377886,0.394545370202463,0.546446884454931,0.398480658305728,3.39503861000824,2.82454334324316,2.03748915430349,2.44316760548002,2.81083324983347,4.94360029727958,2.34925439595078,2.24540737685812,2.99545913493678,3.55203482404158,1.69886651371836,2.33504621058101,2.98452541567686,2.56491713554418,5.41788967890526
4.72810064861845,0.836839388052592,1.03200546053823,0.967453513707858,0.955204225007196,0.950739113128614,3.23556778456323,2.65337324776933,1.94680367318193,2.41765795998053,2.7374638883904,4.77932670220701,2.47877205874786,2.29952755697888,3.07502989079104,4.15054908993626,1.62202529189514,2.34645112745346,3.31553447482489,2.65298450292807,5.38862948394627
5.50808752272083,1.12001251770492,0.972308199436945,1.2681051177081,1.11064379541037,0.820765016629072,6.3971934038855,4.6131250325153,4.34223810274909,4.29778894188401,4.37700830692143,6.90281955367049,4.46505554261885,3.85384797233488,5.47169940842144,6.8611269883904,3.27280002532646,3.88330151557756,5.04776646309513,4.43769908898371,8.19714461952998
4.39170205010498,1.04605579871514,0.965806861186252,1.17983176212428,1.0483729243896,0.779751935043673,5.6527585984551,4.42803763988846,4.08774482564889,4.04762491681546,4.00846077229997,6.52922667433,4.29251282033447,3.85817806935561,4.97876079074223,7.00065956279931,3.309841248075,3.49387098516385,4.8182265115461,4.0245173415973,7.10793287310798
3.66381400548397,0.849270847639551,0.843855330435498,1.03593516560599,0.908826047474894,0.70102653319642,4.96128377913418,3.75446754120624,3.76151672046537,3.69426095809149,3.88229042513447,5.65743940973683,3.75815623112307,3.37037410707003,4.410350419833,6.51375299929371,3.22443683835032,3.46000907003865,4.49696344595166,3.83106981575953,7.04097471416729
2.94614850189456,0.643243500253908,0.685645981258269,0.842994130347442,0.714575588164893,0.527052249239132,4.83396392989213,3.61397365717206,3.22860773374666,3.53972103533198,4.14936328725661,5.76151879616418,3.32182888784312,3.12875236792359,4.04636806276562,5.42274303166094,2.76563790369804,3.2014700681871,4.01668498645959,3.76638939616047,7.06403433419738
3.45109031598459,0.506275435906271,0.431174827095579,0.58850530902924,0.613233848347791,0.381026717153475,4.52300748958035,3.36521149409255,2.84757117720704,3.48932547019779,3.80458560761362,5.40630997496524,2.96071299171092,2.9845363645582,3.79673779756095,4.84346826878333,2.53457583906984,2.88480285821525,3.91645851538889,3.50026979772464,6.3773236087844
2.8796091232281,0.591132426953178,0.582486873222588,0.701085102214722,0.646472681486748,0.439085013381748,4.79950982415344,3.20141501002505,2.8721708350591,3.17344571662881,3.3475424337272,4.98261508847956,2.96190018455869,2.88162603908897,3.55662525179261,4.62680273486824,2.53598825666875,2.92006166042555,3.54043924770438,3.12978220814968,6.62122712813743
2.6960072188708,0.489829465790763,0.494983201899936,0.584331644056117,0.550218406020432,0.378839800476107,4.0340418881411,2.78572661291344,2.46093610204154,2.68045141319023,2.94858087568108,4.42706104371673,2.49696198261575,2.40412265911638,2.9971463068892,4.00495348553819,2.13917677485388,2.47705048909647,2.99136072846315,2.71422712036303,5.65951271960855
2.49962298915507,0.47565626774501,0.483369296883073,0.50526958072354,0.538806480262126,0.402279385509605,3.33661545999294,2.38918296704216,2.06723489498374,2.30720759572114,2.488944195665,3.92382285614358,2.18859357820401,2.10032386570985,2.56995117498839,3.50238210116588,1.83330902482172,2.13093994137117,2.61850621599236,2.29352742289016,4.70817313198177
8.16457038053722,1.01018394031014,0.873099030412388,1.15153200645332,0.979617461805761,0.715401015733603,4.05108479769393,3.17645090099347,2.87602876209308,3.00196879233145,3.41410564110341,4.52387529057117,2.9726501439636,2.82478795006442,3.47299357644464,4.53896102254459,2.62132381216769,3.08523299686251,3.23654893505266,3.1185819542388,5.5641575300352
7.10359749164126,1.07390838127991,0.977731035959907,1.42109195763269,1.02244941420722,0.899427397711876,4.13458292209955,3.46570103761493,3.16774212572544,3.13754937616493,3.71338227754646,4.80281342244659,3.45132610993365,2.98753140497133,3.84752849608672,5.93310259715908,2.92944935078498,3.52752770065514,3.35125885998978,3.26382341660682,6.03077443815206
7.34336806535427,1.44599595795902,1.42904968212209,1.78637906979399,1.19100402198344,1.31696249399311,5.8439685557437,4.90118100780577,4.83308580704617,4.16610443102525,4.74584233397308,6.71907606814701,4.57990700924686,3.93739504836855,4.82846191155555,8.46394012396754,4.06478988395692,4.53000844591111,4.11749324038059,3.80658007985193,7.2481183802598
6.44387086448238,1.26999694421941,1.29404929385578,1.6156766320204,1.09863387166773,1.20763713656301,5.98127145474423,4.71471659833365,4.5026874562073,3.99193493435196,4.4589654113041,6.80464839063835,4.32949681051851,3.79365456411319,4.58668514836703,7.89586502877927,3.91777929592715,4.21771679366071,4.26108612340386,3.66675635558073,7.60957679756054
5.19543017854727,1.31522145714828,1.39075647056869,1.52929129890278,1.10614804023297,1.27699014818303,5.82421046776971,5.18211720329517,4.2110487056639,3.90654163180635,4.74118070685009,7.88663977292697,4.58816965400513,4.0091540648053,5.30223371402699,7.79238593229316,3.51192438438792,3.95560044491952,4.08985340335843,3.75805457541772,7.67763092910705
4.37752178130913,1.2327118692142,1.28930281812251,1.42662732366308,1.02801615974721,1.14253254197751,6.40437399276583,5.48236353357716,4.91862469143644,4.20642097951243,5.48677863028567,7.93265234478407,5.03492313215971,4.25683948840174,5.89353911577757,7.83464540688241,3.89238360929645,4.81640063960001,4.19250614259997,4.18781131531657,8.4010843657386
3.64800906712405,1.02640101740532,1.02639915176068,1.21216928583649,0.89016976343595,1.0406234324061,5.91868915977055,5.00759389588153,3.95744865794766,4.07522262447783,5.06910675297373,7.91057771215426,4.02368789285255,4.03258138153481,5.73543565606517,7.02856986087242,3.31803359211571,4.21310766153602,4.22325900965143,4.04374056959427,9.38525608847638
3.02138962451127,1.05229006232662,0.962666151040853,1.15443296812864,0.892851244146501,0.956918106966725,5.93477764657273,4.82780343124177,3.82810854160842,4.21642579805133,5.10850515867342,7.31918959104988,3.72339482224613,3.83466661044568,5.33999396038089,6.27251544395406,3.18616721101059,4.06054692085704,4.47925278052633,4.1972198790263,8.88283622917989
2.55425472467495,0.873757315968468,0.866806185966134,0.912670384670821,0.740432215141619,0.85216781324726,5.38842579224609,4.35456204756834,3.22708580357373,3.99885005692163,4.39941365867472,7.0797900229517,3.04328532644583,3.52511345475549,4.71698841777274,5.99069875534808,2.74049466021226,3.3978801799469,4.37920139331573,3.77322992283293,8.02297511766268
3.30005749397422,0.605252987052794,0.70889968706805,0.919329019751575,0.825684066356938,0.279938443016454,6.35136609212308,5.31405489227937,3.82235744010181,5.13570859614062,4.7407787910663,9.78811438159591,3.53833832348453,4.26394899972382,4.6817972277649,6.18967920870239,3.68751888666244,3.70368558238053,7.67327079353123,3.55683056392965,13.4640313846877
2.73076778576049,0.463224224344413,0.649568776802828,0.86221183962899,0.742816107514057,0.280328292324201,8.96985756153954,3.78152141352154,3.47230015548881,4.94915426952185,5.81847165948051,9.77601675563754,3.70620424450402,4.10564762270454,3.74493347432623,8.05062955260449,3.44501796008402,3.16455681667601,6.99856031372248,3.51844480943682,12.3656539809031
4.166533176961,0.794184237381622,0.585030171795812,0.645603675603002,0.883963512544894,0.499253619384247,7.55477652626366,3.24618382011822,2.907646173761,4.10643631490909,4.87289632471675,8.17394834946347,3.37238109244559,3.64027726408868,3.40374401965488,8.45361432198277,3.38171108139115,2.9795839328686,6.05251478392724,3.29374817318291,10.1234304534844
3.37656487031508,0.701333146820347,0.532007586717235,0.589725631179169,0.749351440118323,0.432723438788307,6.71883105260067,3.49602458916774,2.34618347755729,3.80479399341561,4.25898473762302,7.91264431154494,2.79339585641366,3.4023180422102,3.47580315027095,7.08165167622901,2.76347343133203,2.52577585845502,5.25813527725057,3.07120508693738,8.46021869504934
2.97684194165068,0.722722439340686,0.52968559794174,0.460387045194773,0.642913307450481,0.456405732338462,5.6435544183243,3.09637187094414,2.14315903673215,3.33800106341428,3.71416369371119,7.41658397649322,2.78108607791222,3.06649772590426,3.37292884110886,6.13718640596001,2.6307822189354,2.53744299586541,4.68003416127841,2.95413233201302,7.8253864075292
3.00922130131598,0.960084197522619,0.909188740511064,1.01475370471252,0.971301526895898,0.900716739455733,5.31294573290232,3.30038769672241,2.6443831931957,3.33045326970825,3.55585113451184,7.45078971181675,3.21358731729508,3.19758658191081,3.55089117223494,6.54570629479692,3.01901911614054,3.08096451267536,4.70838987554626,3.09986677939849,7.15338902880932
2.51893171799196,0.843972742502195,0.823026477259528,0.86400166309927,0.813449450446494,0.835914814663051,4.86546442714547,3.4331442792142,2.49656762979149,3.08938055904786,3.56616163740576,7.34233074171984,2.94668519487435,3.09285928354049,3.79348851626741,5.75397619222738,2.606455980221,2.85210317671276,4.11652239562602,2.89087053552521,6.789524913708
4.32986522238886,1.48817087255461,1.81370058170499,1.94742522126667,1.55627270565394,1.63254916014521,6.12115356577101,4.88259634488291,3.64512620881873,4.36275982810961,4.77444659511834,9.32018630955438,4.13346495222658,4.53802225036183,5.7078311976292,7.48555849140238,3.98402762854402,4.07290485001127,5.5368630284305,4.31997200019322,8.39521317295718
15.5528322594641,1.9744824467762,1.86260107224002,1.44016338218666,1.59457588373816,2.50296247108258,6.82829023802305,5.31312284643256,3.70472273862787,4.57621913351259,5.00161764119956,8.94956133662479,4.09079878340976,4.52692890608792,5.68030970249989,6.90496407800806,3.84071472426547,4.13354340943189,5.60326766324128,4.3721400035928,8.29855251726224
14.7310988994768,2.83095352313103,2.18819720822706,2.56259107162124,2.34873654484924,3.0093611695515,7.16569804039984,5.65674705314535,4.14178317930634,4.67147840566878,5.23742085238283,9.95450117944644,4.92573400531016,4.73961845258109,6.28621465565345,8.0697327369937,4.40518884775889,5.2038415576536,5.81774511014092,4.93080708267952,8.78152957790674
15.8522311813371,2.38342422289987,1.98153705822014,2.15871403416622,1.86475539161652,2.63304601919509,6.09441637574784,4.8353009230017,3.35119128853227,3.95780008876109,4.57648984826292,8.96336932252854,4.30983481651552,4.07012684139959,5.67949762489729,6.99055206453614,3.57231750687482,4.50015049345525,4.8156710409405,4.1612712303951,7.77101890861466
18.2167798757151,1.90829180418458,1.88406636357137,2.3126686076497,1.67941406041543,2.09782115819144,5.74420553532637,4.86628818980433,3.77893440111094,3.81256450882873,4.43163371597636,8.5913819295991,4.77640667524901,4.03568880727716,5.43657591356613,7.70723281562004,3.75873760967293,4.54981815114242,4.57342625928679,4.03828620263316,8.09079630774804
13.50399529888,1.53979517270681,1.54104810001725,1.89342966324263,1.39299915295977,1.6966240624923,5.20334753675714,4.49632718127022,3.74048711736112,3.66466689886252,4.35644336436522,7.59864079011105,4.60004667286521,3.92618026604507,5.19676130595086,7.33360146387205,3.73222721586682,4.60905702194963,4.30452418677357,4.09524128874633,7.83196142328436
5.5438368521101,1.07839252866874,1.2843674365899,1.30178209658973,0.991709749788859,1.23338879297474,5.18513837565624,4.11698790986048,3.59970719290749,3.61376600361243,4.49829817141361,5.74655279315207,3.82024758161045,3.39604672643601,4.4440660565641,5.65635307402315,3.0602395567681,3.92963859046497,3.82998196295714,3.62821769310733,8.49607493931679
4.25581631617952,1.0295269820922,1.1368608968294,1.05843412361058,0.904249423461704,1.01291862141979,5.27687499610999,4.07036381921954,3.38957512244246,3.67563592115129,3.86875590223502,5.23906695513588,3.54464489104332,3.19713163417162,3.90472021622635,5.39084107351506,2.67608234968879,3.43146896978937,3.69174025042714,3.02151540381529,7.25851820187338
3.6738558913154,0.934613125508399,0.987751951723308,0.786970931125909,0.765593820546967,0.879555245664327,5.05241470542097,3.73510623734041,3.16271842507563,3.59587909985831,3.95445492413463,4.81073946467141,3.22768600211944,3.06422812905984,3.90365341279077,4.94885532552198,2.58695780637967,3.49826801725541,3.57447246405517,3.21015200749936,7.207387754322
2.84502430755082,0.737225241032902,0.777726489350993,0.675148461576986,0.610928958348249,0.63965707374984,4.73681011963365,3.60122009038775,2.855823165927,3.15780871342519,3.51998031603481,4.67193715371343,2.93194119864114,2.70989742972774,3.43191373641104,4.32355170759372,2.23154992261937,2.84871267779441,3.08838293330608,2.75627293913479,6.13008841317203
2.72731763412246,0.961636354457003,0.976805519483827,0.900476479885511,0.870079793005423,0.953901903568845,4.62102613592324,3.54917942266438,2.97021428812843,3.03536082154272,3.4865408558583,4.51039504982967,3.03783121787684,2.58268423710286,3.2610679075871,4.65376855375701,2.38667598867583,2.79126892166843,3.04124940518061,2.76677253981872,6.28221743278866
2.33594538614984,0.949819868824453,1.03349323921805,0.916722566192163,0.855373161297731,1.0015602029309,4.75278538338037,3.63310131120504,2.75292510542629,3.14328139036661,3.5467276336382,4.52115423784656,2.79298114618058,2.64711919927003,3.34018223853092,4.22170321144817,2.19498180096078,2.69667669175899,2.97460488269275,2.82833972780528,5.8841404927482
1.96574109890938,0.810381197166695,0.880123250445116,0.814326052207276,0.753029794541791,0.857650233686493,4.14155558895817,3.35498717666255,2.68573220516586,2.92651179019057,3.3901770825302,4.33526411415635,2.86555403777963,2.68373135207134,3.48132051947224,4.2694330753732,2.30409846502473,2.87060280024072,2.9076392510103,2.85488737944347,6.05674589577726
1.85436304155053,0.846471101958275,1.02127035591412,0.863210858332411,0.766704010725182,0.948178644165767,4.46565956009806,3.81298220276453,2.71084750923692,3.2737377667585,3.4910096220162,5.55810134134816,2.99082573129971,3.20918082728088,3.52388899903237,4.09099319627765,2.30144134695915,2.87403657833742,3.19040247324043,2.92055097619916,5.8401548280107
1.85635237052288,0.970373415006677,0.951546368063922,0.951078681834251,0.851368417939519,1.10819411917541,4.64388447360928,3.72057946628543,2.73081907571015,3.37027208577341,4.53687249819881,5.2465102667787,2.8109870993595,3.01244327158002,4.55335363712391,4.13066872455414,2.25583841225182,4.06120129941506,3.13176798488405,3.58053664662484,25.2874970620475
3.45397447488906,0.926955357394976,0.734672932770031,0.772188435762206,0.669053794424323,0.868747815366288,4.12103505892798,3.20983216606982,2.65290202794542,3.02058605151776,4.08497790560791,4.91534812149528,2.48430102939178,2.61686722992144,3.91330579450317,4.22204180269468,2.22576512170094,3.7999278476264,2.96721221963625,3.25673268656729,20.6493835748242
2.93515817860455,0.757101421328043,0.569505560294687,0.71209750950799,0.540824151437775,0.604810654345794,3.99016640017651,2.96034739244027,2.46645811737804,2.87845059386221,3.75889251173199,5.09153229214811,2.47185844532521,2.49602757747286,3.50897524160795,3.95011801412865,2.15959115347359,3.12674704928679,2.88357711442242,2.97908984162361,16.2349179277178
2.5238621954577,0.691266186961843,0.584803068612725,0.684495499954093,0.495431621810729,0.558976451191732,4.1887882551907,3.44480259986612,2.47583600075337,3.35663025257649,3.1226531812611,6.20517179022742,2.522811848909,3.19829905945753,2.92312220825072,4.13706180865724,2.18511350578008,2.51285860917699,3.6347445216254,2.556460453279,12.7871661421925
4.66275879336279,1.11626823629483,1.38724574631018,1.37241567187022,0.778097424634183,1.4189843743393,5.1639297142099,3.55944685001064,3.50742611587076,3.97748133653768,4.31466012412488,6.10022131847498,3.21740077343915,3.14978766011673,3.52539826005254,5.5733952768423,3.08468849843222,4.12366944726274,4.16218111445284,3.60926053605973,13.4939259727778
5.6412828874213,0.842015892923118,1.19452880267943,1.11664300882905,0.657128554027175,1.02043398085436,4.84245641378355,3.48687749148228,3.49309611717004,3.79261018516165,4.03817888960168,5.80271386268419,3.32858534654326,3.04964666415746,3.46096469493055,5.98359675027022,3.23726612621145,4.32850346077478,4.28232393513029,3.36159860166397,11.9465116190575
6.6030800749907,1.35095139750501,1.69244960258203,1.67673892124945,1.16335550898317,1.60227178019465,5.80012120836149,4.39151296700773,4.17683286817406,4.43076656945257,4.72022162616948,7.80984309377368,3.78394762319729,3.74971243408413,4.332647877999,6.83024176927668,3.70268413352566,4.9094116877662,4.71316387481498,3.97440754392081,11.2951780985366
6.92327391865775,2.63764645726455,3.13194374081382,2.53181845845082,2.24410205678825,3.34363910725031,7.81707687917524,6.41811571597079,5.13736879048005,6.17090176170081,7.36721423601337,9.35819578211002,4.98354249817062,5.47722215144078,7.09719934731727,6.89263150312248,4.45520947561367,6.08286614392717,6.25768720303284,6.20225057693006,13.2580609481221
8.13972141474559,2.14515462543483,2.86632026300501,2.1118545879587,1.81695140546734,2.44621466476107,6.72450533995204,5.66550873915182,4.39671930907474,5.2617259531046,6.21107672926555,8.98915587574946,4.48826468916157,4.68662725388603,6.20235368024383,7.0506082290173,3.63424909896749,4.92464576127043,5.33593345484263,5.24532949819477,10.8654759197706
6.46843257078201,2.01323177454975,2.69150003547881,2.06763255908738,1.73454908949673,2.18949937813447,5.76794048732807,5.08010004853287,3.96316947974586,4.56810972907537,5.13631922085102,8.06937189286213,4.4019120643354,4.28873424960377,5.40999565342348,6.83895875114298,3.5327963252314,4.26555451664538,4.75459258304927,4.37188304404233,8.86196174851108
5.57134370430801,2.13630070952562,2.54734629774084,2.2194688869817,1.76152447832044,2.30714491951047,6.0708756655855,5.31036602487558,4.38187430814114,4.71970135399579,5.74221565776366,7.87328692941939,4.59549298090241,4.48001317064931,5.73860120866159,6.76275398718417,3.65782790466179,4.84671095493861,4.77460513225732,4.77463103604455,9.266479145964
8.60158401340736,2.76339737561723,4.49345284728995,4.29807746718278,2.94730351124666,3.7081739985345,7.42167399130076,6.93728744175754,5.87117256808607,5.35848363880791,6.64164604833728,11.0358030733552,7.90477301260259,6.2290009278005,8.05806337359524,10.0230532243506,5.72649725982776,6.81421473706621,5.82586449262146,5.95700314678021,11.4404199443313
10.7112745346166,3.0481782722437,4.64884851384975,4.58400385593843,3.06798856832643,4.07623950556904,8.9794681662182,7.33963481209264,6.21125449230714,5.91194572167896,7.66075778001553,10.6831895947998,8.01658745546958,6.48983885070409,8.31577817723242,10.4097098442011,6.1484781071916,7.42582093751912,6.31053488335521,6.67055602724361,12.0316629115703
8.98334112029315,2.85551006412993,4.05514928404994,4.25937888368385,3.008752196726,3.78951932689065,8.01229529607785,6.44793322508772,5.47271659470692,5.52636833526559,6.84837855322489,10.0435376624202,7.03084407673809,5.52152966756178,7.91194666459478,9.27118667639259,5.45925419657742,6.69917804552516,6.26074485841016,6.15768648677505,11.5776998350084
15.0674869426796,2.34688415041704,3.58208642364198,3.28983228102753,2.54042546466763,3.06862776495498,8.82374786099873,6.81416959990923,5.68702997012957,5.81699689395865,7.43246937810837,9.85579103549806,6.59345029600084,5.52061928471066,7.85882555926742,8.20509030967693,5.08036206901233,6.53647284202195,5.99507768688084,6.13462666938686,11.5024526795635
12.5842971780202,2.04599481371507,3.07996559864622,2.63382790720069,2.13375527071838,2.48412847814291,7.52835428998621,6.0503181099636,5.17796607742771,5.18248732642852,6.40356125552464,8.79451364454973,6.07775634005905,5.09879355812967,6.80972318545682,7.80916818714139,4.86697033213796,5.69227747563002,5.5309486640565,5.25393234342502,10.2691655522018
12.7943464269595,1.58048426847216,2.15144615202834,1.97964652190618,1.69945057444358,1.84085203843481,6.47948554199716,5.44527189738766,4.56829861899661,4.42511635108357,5.69408841103588,8.20541767275243,5.22919506951245,4.37203404194482,6.21807360034999,6.88043131640902,4.10593044493315,4.90398865002569,4.70839016428836,4.49937191448587,9.18818224685455
9.3882942734883,1.25156823338614,1.47510248580355,1.4964704669932,1.28754611142573,1.39790124055362,5.56342808285428,4.60884784154492,4.1188499722181,3.85074793896206,4.92883019841196,7.45697058097146,4.79233529713665,3.74296066630432,5.36661332025015,6.5850566581918,3.70927560087258,4.50933016068105,4.16360145769061,3.95323780915643,7.96577404639525
6.90764245925616,1.08082578960619,1.2754864349622,1.2568431995359,1.06018403823141,1.21455681528307,5.55605368828896,4.75245437759835,4.09110714145026,3.88634613353705,5.04323861921337,7.22037005124865,4.79959322847744,3.88155697639924,5.4776103935474,6.69203697287264,3.58564524932814,4.71740003730073,4.07958697434947,3.99259557237677,7.83782477796544
5.26575640628304,0.871434588756085,1.03300074620853,1.0673619115797,0.857512844623702,0.964772386125364,5.18233266108925,4.42978307184511,4.01599749376145,3.43490705911647,4.68520941404489,6.6295962898254,4.6737297358432,3.53119583637216,4.98353155677228,6.94452461966024,3.33132315033735,4.49226585714496,3.52449609294111,3.55925571094248,7.12628121734179
5.08328654329156,0.610739863142473,0.870542989635622,1.12380821376193,0.709059776894553,0.573522097598002,6.88108663686896,5.16283382963067,4.39860212541966,4.48860179594155,6.25556278217624,6.61673912374882,4.53282362894431,3.94484704953389,5.50152039837435,6.37703266785685,3.60270272319919,4.72514881320153,4.21794538084102,4.52698927883967,9.2077067554181
5.63852626495588,0.676633592887763,0.934010149683502,0.994920782819,0.704635034429772,0.819684502409304,7.16953390507479,5.10293638769177,4.25046950999618,4.61546801386592,6.73782488410962,6.54971678507815,4.14361183516215,3.9586444594598,5.44916747954792,5.91383274390173,3.54049855957818,4.52721084635823,4.5341800046874,4.84468778429189,11.5696937858467
4.91898079930496,1.0563445298896,1.26441990529022,1.43776488132946,0.958323096717919,1.1286504434146,8.42691050237995,5.89096270747307,5.08109764257338,5.70140922594674,7.2062051130022,7.0746123834356,4.77220137162606,5.0269955390624,6.27191611135653,6.44133465911011,4.34210328340993,5.15029655725945,7.40982489676129,6.17997506273159,12.0756051061806
6.4012568202132,0.953953563895545,1.0168189959887,1.21135091082806,0.801757214530581,1.07044031701492,7.48181689308621,5.39385534407803,4.57552807869956,4.78521054348217,6.46568439974349,6.41928992493315,4.39259005400868,4.15292195205559,5.71086479776877,5.67832602150461,3.63467280172945,4.8060017399173,6.90169784526598,5.02121237470745,10.6594602032466
5.37936487334008,1.02819156028507,1.1354222841338,1.1399024158037,0.934589861807121,1.13861057176072,7.153858188068,5.49908937803717,4.68627696432923,4.90092596356224,6.27506466987742,6.46893844729425,4.6209208519016,4.36802362883097,5.71279982303527,5.93621891091961,3.81298435717982,4.7563650876893,6.44030631564479,5.05142731441801,9.77879103556478
5.03454636369454,1.39247692295586,1.44130741521033,1.31339562041774,1.20722783065339,1.44809951439316,6.96138367953456,5.72624204356221,4.91027797972704,5.15592186049357,6.13389199079115,7.06124666451778,5.0501337431868,4.89618681760213,6.02458436564241,6.35817656278846,4.15294186127989,5.01403530870539,6.75030805010278,5.06724527497725,9.13974453296917
4.65935882104498,1.45618127332215,1.48211404184021,1.61361483862776,1.18245054084511,1.41949978626608,6.63319577928647,5.77451108242154,4.78155766316784,4.90630109635374,5.99345544892393,7.31255428630036,5.15585452120325,4.82653816311972,6.23867761692199,6.36972530683885,3.96506555882893,5.01509545307344,5.86927684992674,4.86175869863479,8.85670927901209
6.2344089486294,1.61216518206129,1.59406410153756,1.91539333778999,1.48014304882486,1.53579757786619,6.47303879875147,5.59359211162336,4.46295935789192,4.7402712221603,5.92266922552798,6.85760171211744,4.73464395558564,4.57047305969279,5.94964593765238,6.08641091889747,3.73056852624717,4.79147848497119,5.41181021524907,4.76349303751926,8.79706461011484
5.25523035451605,1.57163174932143,1.60505994855973,2.00835194172288,1.38651172131959,1.6560046627598,5.94648088063763,5.12419839798792,4.57155347327222,4.40175375706982,5.94751977819593,6.34394643236297,4.71554941903546,4.2271019212316,5.8202255727527,7.76923825839727,3.73531757957798,5.52598909329344,5.16977268937436,4.89635780214357,9.76776154005732
4.13528212104906,1.33900894104905,1.42322965890662,1.79877964388547,1.21297110684,1.50066212880531,6.16750108025971,5.51557166457282,4.82261745933358,4.43575441961976,6.23308708753883,6.85304756310063,5.29693174213072,4.36121877864056,6.32907431616897,8.20708251572958,3.90509753863483,5.88568620882087,4.86701887981384,4.83335942128514,10.8469947024718
4.0292702902875,1.09089233088285,1.1131230921969,1.37965961062998,0.963219364261809,1.13665321250355,5.62212257915875,5.13856389333339,4.31883501714385,4.03748090367493,5.43273715962951,6.60807410676134,4.87966942526997,4.03381449307815,5.71237585700286,7.34497732794084,3.61909635842338,5.23444686251363,4.36111947224847,4.34228669781484,9.31599101328424
6.02507631808761,0.952184745193159,0.836191855040443,1.08566432854543,0.719623222192323,0.860230108514271,4.99198297102306,4.42347115995604,3.70468456770122,3.47055701216174,4.60177878021481,6.09271841930938,4.53123126872554,3.651153961486,5.02814652690668,6.65593246746223,3.16976015930589,4.50556967245165,3.90150348018581,3.82141282011347,7.85600810858675
13.2570190032252,0.71489792320617,0.659472129233628,0.741588635209473,0.35794124648324,0.44448154261207,4.66384742305886,3.66888687056773,3.05621254628405,3.07545765859828,4.00266704000479,5.52976725074415,3.85148031618088,3.23121652942843,4.16814425350079,5.79378998613833,2.79577714253074,3.74051376224147,3.49778062366239,3.26579241942293,6.53093263506369
9.58268878820698,0.551631884797343,0.505722317315857,0.569034458218432,0.283823161228585,0.322061235096379,4.71012504881547,3.46054870565344,2.95591238636222,2.97193328632874,3.74475500510066,4.67480907669493,3.32687713589407,2.88134459544737,3.60928093726615,5.00623741739553,2.51822450345781,3.17785034577907,3.20210172970047,2.92729698485496,5.66455292209346
7.02908710160182,0.490956059155919,0.442244980937169,0.522316533841212,0.318946548257006,0.322127610647971,4.33565330620719,2.93228001857456,2.57186030262557,2.79039364081994,3.27517871045211,3.98303740166045,2.73545763189906,2.39456585861769,2.9814729896954,4.21820360980997,2.14893999065657,2.61102990775265,2.98724836708596,2.51447343082122,4.69296651032585
5.60198790781866,0.376859578804214,0.423059895080784,0.477301268437307,0.324302260943071,0.301368575585985,4.70328581824563,2.45298739115904,2.31252885449505,2.56409497753175,2.98229360222049,3.74698627147073,2.3221804834455,2.24970338644956,2.76080164077938,3.63568433504863,1.85684695700382,2.31382552610742,2.81536640108301,2.44574831645228,4.36263468577616
4.28961291355403,0.340370291352567,0.338424039069497,0.373035980678288,0.32580767026224,0.273571000243882,3.87144695154404,2.16193767811486,2.02563186697837,2.24820851131802,2.51982178801248,3.68893998039902,2.01156222903043,1.84182537330499,2.45772470444196,3.44698034567204,1.65559776583387,1.97203726098984,2.57427354140142,2.06347795503655,4.02974648759791
3.31304980129639,0.414478364863309,0.353679411984462,0.453305662910505,0.352412021974075,0.337142558968842,3.76873459274639,1.94649979401582,2.10666826254349,2.26467411979003,2.58980818941474,3.19059839540506,1.93066365176035,1.61207231670851,2.20907748747491,3.54261135990897,1.65266150243747,1.92680588432714,2.49633041297218,1.98449339521766,4.22539130716577
2.66029638780071,0.361870322732031,0.340737095739362,0.377001197389671,0.386790260030114,0.325863208798068,4.08739644477905,2.40359733071701,2.19685467867868,2.5142256033245,3.15545431844052,3.59724033904153,2.35699194019402,2.07504947382458,2.80759576963432,4.08837204020799,1.95096754370765,2.32218206549753,2.88139055263744,2.40873648444623,4.84820453723267
2.31772245736359,0.439877610104033,0.453198935937677,0.717216776645554,0.476391776138198,0.456605654876196,4.27716285762617,2.80554940147297,3.5197191610698,2.61383060379358,3.36939487802377,4.12803534669639,3.23345949702668,2.28884341606227,3.11421359901401,8.76103619176961,2.54913222926927,2.68730424028766,3.28954750448419,2.52882050595946,8.21067150747765
2.66784285935312,0.454551384411227,0.633637456338891,0.66765222566448,0.501611523689652,0.753566950890223,6.78321823998153,3.92660081985061,3.60985228128727,3.08229887792175,4.90005572071195,5.71050492547726,3.42819573072271,2.50719597409856,3.72898322808235,7.86318825407099,2.35965873596256,2.74905625153141,3.23546397592014,3.06029417787609,9.35902679833966
2.41189045735304,0.483224021807791,0.600561272740647,0.573182209158128,0.458539694482784,0.609584522071318,5.68148841658702,3.4299098989751,2.98351440142687,2.71123166008045,4.035283313298,5.36268247351426,3.19881068915235,2.36821208698844,3.3002414894008,6.96981053446168,2.16495713624189,2.5654020566046,2.88605611992662,2.7207696691677,8.53084575592855
2.96934562921466,0.573760975810369,0.741752515366109,0.681295732920675,0.652260967157715,0.733710084989644,5.14801310356044,3.52499039322537,3.11549683093732,2.84030830725109,4.12739504899126,5.37641322441317,3.46000186579982,2.63398083984289,3.83849051119298,6.88228626755961,2.40819237094003,3.42571253607713,2.98012757737673,3.05346952123027,9.12167065205207
4.37182088024153,0.691112097319045,0.880186270640167,0.841322180191103,0.628178551423778,0.931471898748964,5.01558661193677,3.67752502619152,3.11713389722157,2.82906213788703,4.08714355130999,5.40966202037275,3.23040671314761,2.58389351764824,3.53272216681985,6.24502130192787,2.37317140816915,3.05913645214774,2.84845830094787,2.86335579558975,13.7078522481036
4.59263962242725,0.543412446107956,0.693915522269852,0.734610310202835,0.470680259785567,0.756097367070647,4.88588616868573,3.35894066739652,2.95932339837949,2.94108467763428,3.69420626267465,4.6882518291038,2.94201377557043,2.37235274916792,3.16465083838754,5.41574502491388,2.2090042849606,2.7889871197995,2.95835927069538,2.66659194658629,10.7373801048458
4.38035204088067,1.073946064981,1.08645966283692,1.12922502831327,0.824895093242955,1.15876749794399,4.85622996770151,3.5889223731764,3.36830485267055,3.10120400444609,3.68953635037785,4.73279758912492,3.38252863563249,2.57569304332035,3.31611675175124,5.51143056658199,2.48980856621896,3.02605687932415,3.27328075496788,2.4290200600722,9.43065188791979
8.69022954629248,0.873176973869884,1.08021218595177,1.12885873961813,0.915048794409735,1.15203469042965,4.82468475844889,2.87653658457964,2.91727390022547,2.74004055863718,3.24878543658473,4.15026741062028,2.89669210066051,2.300879229271,3.10051316596977,4.72791179034276,2.25283402067147,2.89648165148659,2.94109502551591,2.42106204269081,8.30234642207569
6.58854096484202,0.759341804539939,0.913444726047771,0.927467459228363,0.769527447429795,0.963238760206798,4.29475196371897,3.06927164660521,2.82960852420012,2.66829851965835,3.07663197964523,4.56466675895231,3.14959830258717,2.65365660182206,3.24004767113859,4.49055867619072,2.35013907278322,2.84969210954281,2.96538829964802,2.49233077693381,7.12202496893633
4.93757923041065,0.66929096645196,0.780803652366084,0.789221335910408,0.652045892132042,0.846452203880739,3.69698852779575,2.69004833433407,2.36227276512789,2.35073471837684,2.73370891754141,3.95963342212844,2.7363912097419,2.33117223420951,2.81491069877772,4.16883588144504,2.01943229509339,2.52479342549087,2.5606147360927,2.23002530201931,5.97987684650745
3.80583549516518,0.575606108631182,0.640539317417396,0.654027077359044,0.56246103455496,0.707192438206053,3.22993279819861,2.29504506752378,2.23311384646596,2.12696572442891,2.39135085328173,3.39366075837983,2.33847602690234,2.03173117977434,2.33146955420716,3.95075710761327,1.8935036614152,2.16821848556403,2.32135958213634,1.9894084451411,5.16355419066919
3.64071530267457,0.546534092070553,0.549963275567068,0.673648006016487,0.532856607399233,0.618327569536474,3.14319582510406,2.17915077421818,2.09776050597059,2.09403167962088,2.41903266856413,3.45320137687356,2.20557746367227,1.91371331809783,2.244709768468,3.69184730881573,1.82998054430098,1.98352788719587,2.23938076868674,1.97520759303063,4.73231627718675
3.32123279822822,0.625094907528596,0.588119850134087,0.792325977304468,0.62163719839658,0.804280242032001,3.01520147114163,2.32112137136084,2.0611039308521,2.0240695921937,2.45583607591447,3.56983112523528,2.10486655709136,1.93490557180844,2.48529221084802,3.51462705431416,1.74868412852855,2.03964207515189,2.0946881544638,1.97937612860717,4.76476591494366
3.17806757667211,0.564224891995707,0.506366338569161,0.624333388602754,0.532765003510015,0.645355435790807,3.18666475128165,2.44037044661351,1.95149911118906,2.18296909797076,2.61115900459215,3.56058650565073,1.98450273301048,2.01485277077801,2.54844013538889,3.20842581645084,1.6021202013523,1.86648144461742,2.14991521274419,2.00284451465914,4.54052755448503
3.74155047944687,1.0660300677298,1.11448229731779,1.11805191518164,0.892320157327021,1.15109795527616,4.3025081528784,3.7599820442964,3.15419427464012,3.09076927934026,3.64532081468515,4.94457729089945,3.42666579506468,3.11193475488145,3.66016382991963,4.45050701456287,2.62371237135575,2.96176839430104,2.93251243232535,2.7776600468009,5.56147276000806
3.22937270757998,0.914461344775207,1.00481219584554,1.0285356764524,0.771365404972089,0.973976141395934,4.11445791679318,3.72741463200641,3.1953225325892,3.06532608785391,3.50840239450758,5.19227146922156,3.49804011323859,3.13312975318772,3.59931500639038,4.49871845354698,2.75159446988023,3.03306881435385,2.95765028883563,2.81083690783346,5.19270238869308
2.78737768988532,0.91844392458304,0.997686745776868,1.09467230619605,0.789610521245053,1.04305051486154,3.62017826239675,3.22114531074872,2.87747122739482,2.71272832567561,3.35282036502874,4.59109595444393,3.11512567802968,2.69499506297585,3.43810618070353,4.32171289256005,2.49761806351492,3.01354191214841,2.67342199730715,2.658442728978,5.66038307888409
2.89971746265819,0.871042793676133,0.972839353481357,1.01063603829551,0.795589474190106,0.942309249088918,4.00864971909426,3.52102905891654,2.73421374824525,2.98863908182156,3.38505886783413,4.61318654295116,2.82921880454458,2.87798355594488,3.41918695807454,4.14429206533778,2.29570949096492,2.86071355943193,2.84406188943109,2.6454463720296,5.37225847303711
2.65709159697275,0.798869278761914,0.889255160304666,0.940628297489309,0.74403563313045,0.700539802622952,4.21365273513733,3.57707139104526,3.17146737056239,3.27307706034349,3.32003755267915,4.7791951269552,3.0272773650341,3.01239275412548,3.28021480100486,4.63683500180323,2.73185934726007,2.99344624089997,3.15335464732561,2.70187064316752,5.07889398946239
3.73738264621415,1.39238563403174,1.66748071746551,1.71024601000508,1.32997751107361,1.52819158303289,4.76360583918056,4.12325265937301,4.17233256058769,3.75023096378245,4.33343535232689,5.35725127452804,4.04484032718269,3.51540253644788,4.28105026075416,6.02866326184455,3.61062665345903,4.3667891190873,3.67184593345689,3.56226697613273,6.44881572470448
8.64982647401925,0.974714915883954,1.16641761523749,1.4066035551145,0.869879133898467,1.27311487737697,5.41622296767678,4.9117137069783,4.79302405586602,4.22193421317796,5.31682433312723,6.10294022284137,4.74621584890062,4.11995537004216,5.40138538908639,6.72788725946803,4.11605824163979,5.37870099558775,4.09773174742463,4.41291489033807,7.97399015616105
8.53142499333818,1.52677267172168,1.66445907808344,1.83002787504681,1.36340812002195,1.99216593589559,6.05760023559712,5.59854306239618,5.24486632204428,4.8177840022821,6.39120576374173,6.60798950438104,5.19300742764113,4.71311691778442,6.49640163927466,6.69313315709185,4.46514876650677,6.04143127372491,4.60010016108679,5.41363177641812,9.3545932065484
10.2462838909413,1.19688849259275,1.32926606057815,1.52223824215413,0.977505907566988,1.52045548989706,5.22157008952429,4.82354040559761,4.52052783200146,4.13636374736286,5.49589854951219,5.74780227474843,4.55009878371702,4.07961533266107,5.56271629694262,5.94626853023892,3.84378351461263,5.24714054087643,3.93468935805265,4.64088201825728,7.98250785266648
8.21357942789579,1.01896243765421,1.15063900216302,1.42503163111006,0.86915982208589,1.27793247153001,4.68751866351347,4.3339397189826,4.14474372378655,3.60401733288752,4.86304628187235,5.3009852285913,4.30258651244038,3.62510165809233,4.98259626307957,5.6004351991237,3.48046736049681,4.77419064006671,3.47366896171789,4.06398902338062,7.03311377277145
6.22376960477113,1.0601629153689,1.20648409568113,1.42113775205286,0.943099477416444,1.36652430627677,4.35412012559015,4.04011712298622,3.82034581130691,3.39878300971216,4.52028324427841,4.90287455006238,3.99454481367927,3.43401242810614,4.64293380697673,5.17957437160093,3.23025511029309,4.49200349084964,3.33812078004823,3.80272990884435,6.87903830325766
6.9476089498345,1.47916373696249,1.69845201846576,1.84709423225491,1.39725031309596,1.80274827432123,4.37885836104027,4.18614167924314,3.9992190645179,3.61328343725973,4.68082037962884,5.22266807638422,4.30239940936317,3.79897781757559,4.99202303662649,5.60503117885301,3.63835230678799,4.80628393671126,3.6424920644932,4.14719760019759,7.03757167306938
6.49332945552347,1.31693956801153,1.52896605654055,1.51121157121247,1.26821357901382,1.62617265595649,4.3640840986988,3.96304280584552,3.84303772350733,3.38751815933461,4.61893883879796,4.78501542195784,3.95424057119761,3.4255048685857,4.62457316040832,5.27021504887522,3.34612440307178,4.52051214292111,3.26439033798103,3.84444506205155,6.95910923973897
5.14814153091956,1.03604626978683,1.28081298592077,1.29137116369473,1.10729765675344,1.3143354042468,3.83225339562583,3.42417916624956,3.31644283725888,2.94647573038759,3.86288615268246,4.27979695702291,3.40003690505354,2.95951200765255,3.7409393217817,4.58704095005773,2.90116593968089,3.78092667062357,2.87263807079446,3.23836483096423,5.79577959573759
6.71867532202262,0.768672312707809,0.993981262839447,1.02100734381783,0.850567121385928,0.933759236407613,3.33074947208802,3.05249526340507,2.91092407962505,2.64620858087966,3.37441755139168,4.08476133571465,3.05398709742461,2.66332519428319,3.52804920526133,4.08268335573125,2.58928198606654,3.35642242564443,2.65708416107429,2.85197286132366,5.31367173691926
2.42402760232415,0.406018124416035,0.424372559313273,0.474747227437519,0.381197168464569,0.473157428119649,3.84378385697818,3.33857063447795,2.87834781049736,2.80999686904731,3.5948161514705,4.74874464681814,3.0729954029639,2.89362072504165,3.66908855057471,3.91644059151887,2.54043386854951,3.20034080198313,2.8567648112373,3.06875126869167,5.74911810334844
1.8419776616766,0.399511267802172,0.44511429543587,0.488847308326072,0.348994332011827,0.482325778503612,3.26717769129523,2.87233249084576,2.53114674836755,2.43692397649628,3.12427212106489,4.02315269335849,2.75098410832047,2.46210492045596,3.23286620683501,3.5611149208,2.29355927882126,2.91224717789115,2.6705213908269,2.72776131144853,4.9253043602606
1.42951817468326,0.358578931020018,0.378236067733541,0.445196209045866,0.312264747098247,0.437066256434971,3.12620574752389,2.62136129070081,2.46073011418507,2.30088575921546,2.93159850747702,3.51263623339017,2.50530404514155,2.25289516396035,2.9038718195617,3.28423244367352,2.13371035191026,2.72924703170078,2.40586575052399,2.49808894375954,4.58662879358054
1.50301517290819,0.324314478970318,0.306997879723314,0.363587397286873,0.270859039466991,0.351543405377432,3.20893870347692,2.47053523925326,2.33412333273906,2.28023357594695,2.98513533636734,3.1331719447552,2.28556753629982,2.08874132948848,2.69035344080515,2.97004680241799,1.98666354856398,2.53475951340034,2.25123610329166,2.42385247810473,4.31780215618512
1.32440683469262,0.316710893122653,0.303833683684256,0.357802282001071,0.287022696403071,0.329247150461673,2.95296114194374,2.25007077814118,2.20476423359083,2.09648525083283,2.66534394077471,3.00445694158949,2.33340488889573,2.0382551262718,2.50479558621172,3.26296263830097,2.07713844061107,2.47888514746653,2.15127933880834,2.25528505334599,3.8502635220463
1.13325043692999,0.33142693374646,0.32620697265403,0.362844653722261,0.331827526698895,0.385879275307166,3.07662381774667,2.48170211034162,2.68689837448052,2.35101411310184,3.20247741936276,3.08399169103899,2.73810986093351,2.28284543278936,3.09708797355942,3.88256542393182,2.51763087986761,3.38186526488799,2.39384890441331,2.86963027474037,4.92262104666893
1.15878659542662,0.27941747982126,0.275276081148051,0.414787807132886,0.328141011919788,0.396932273910054,3.07558018174434,2.16187080287197,2.43578016455829,2.21085883633943,2.84984790234663,2.65286674885278,2.29232388413023,1.95216086750993,2.61626267142109,3.63649552510934,2.19586972767415,2.92087495171097,2.20184460130515,2.56378424928993,4.36977361362536
2.32560623402433,0.157448014606891,0.0872724975689537,0.260827907283523,0.188706715095294,0.240285201050638,2.66059628081038,1.96169960362455,2.17060073746041,1.89278421499997,2.3909370960224,2.48640633915435,2.09459442594813,1.73741102735062,2.32879020237047,3.22821565357725,1.90206398812003,2.49682950002202,1.86099688771638,2.12152700620379,3.66186572424163
1.86811286117346,0.131748770879609,0.0501310149994369,0.184353829522291,0.149542237989829,0.226180352853814,2.16516742373096,1.68471056550795,1.81257650869594,1.58360707484316,1.93951054814675,2.32057226040128,1.9454582427623,1.55836174903394,1.96547229973906,2.92050549053604,1.68379296937539,2.05104716095191,1.61448941304443,1.75499424874349,2.96908548760808
1.50023248656092,0.121423413031738,0.0613521510009434,0.221126952691051,0.169335485437763,0.224188227293784,2.26936695401059,1.9204871371358,1.74493897466887,1.61773100282618,1.94474365556437,2.64955182999964,1.80996214445784,1.61662280719896,2.01139650546467,2.69171460316532,1.57584128543258,1.93746263561363,1.60509616118341,1.72067870639799,2.82476023467806
1.17788001479462,0.127346043657011,0.108387785203589,0.258660216422987,0.171829528369253,0.213841609079695,2.23722336724537,1.88281533129046,1.63291376724104,1.55907326952777,1.94060425848264,2.52233397727509,1.77981911681402,1.58759421715161,2.02989058668407,2.61811649865923,1.49985786049557,1.8840232481288,1.54498996501689,1.69146982560358,2.83566734187953
1.03309202880593,0.145019291218591,0.0914144999541995,0.260468064871848,0.165100531405462,0.158870161016074,2.18551738714041,1.87331570470383,1.86592804593339,1.61303704425446,2.0051439575901,2.54857780929255,2.09502252410239,1.685169526499,2.17218781340763,3.40434490725369,1.7243444664554,2.16750088643221,1.61618433258153,1.79333756162771,3.04756470172751
0.827760862294946,0.145762366946627,0.104933134725227,0.240078825257025,0.169391847981718,0.165757866057691,2.21775337168861,1.89476918842545,1.77901217071541,1.71997087742889,1.91204426429731,2.49918053637444,1.85062521455839,1.75186962896255,1.94433484913931,3.15962214802855,1.68968946096098,1.99837431975758,1.8154705764188,1.72534239467249,2.84872086845835
0.714619750277682,0.150948969810208,0.0985759595068408,0.233855089120882,0.152762620006057,0.143311690735808,2.28205142584043,2.06799434535266,1.7696166319127,1.91842185607113,2.04245119120869,2.76838335725281,1.88002345505302,2.03474312693097,2.25138585863219,2.9343351156944,1.69855718940186,1.97382986284291,2.25594033944409,1.96875245938084,3.14083456602993
0.715714877136702,0.157577113368447,0.103509392890083,0.212059592658854,0.206445067521095,0.111614903787679,2.14612637264094,1.91664880707658,1.6550337397036,1.58962346913765,1.81630003627184,3.29195437617347,1.84992356556144,1.75110232257748,1.98532651248935,2.76273473257846,1.50977204923296,1.73224510847689,2.06792567203862,1.47627630571937,2.95944899744881
1.45741572461205,0.340952269387947,0.356129015231285,0.434798819877494,0.409734492608168,0.355365137116482,4.54157200002812,4.14208110705154,3.52029956884881,3.70485030953316,4.29439257434661,7.36952262117528,3.95194337955581,3.96185668497159,4.24192521090397,4.56994323211981,3.49561505457633,3.78394626719999,4.30883596879755,3.75911532852292,5.82850025533552
1.3774891601204,0.433733942409548,0.509177848686965,0.665737248446408,0.515033086825673,0.456094047673621,5.34151191059977,5.41188042829876,3.87885304124657,3.99905590500663,4.99280237092007,9.29266913614711,4.82255985791634,4.8005173524683,5.62023418703205,5.08920766077498,3.71883022872013,4.31801722401363,4.95830009959582,4.12725529118317,6.77280574187206
4.30499920674537,0.62388696888335,0.797381309541042,1.05396416127551,0.612207276008804,0.66962313299768,5.24858578406914,5.34926215690754,3.76213012100283,3.8403731844193,4.69278397017342,12.4435432221847,4.79543552658364,4.54101291485202,5.12959757949508,4.86972213986823,3.41564564620524,3.75946513166625,4.35527964304329,3.73645306772561,7.58807259291653
6.17676057523538,0.516281749569238,0.651894534397986,1.01088660096043,0.458016310543624,0.682590221504257,5.38164703044236,5.34381706603968,4.01274699795815,4.14054196988021,4.8365920953412,10.7018087146014,4.97229515083533,4.64112529711428,5.24116788733375,5.29728584698539,3.71977835220837,4.18780163295847,4.40824517123455,3.97390199768053,7.17329976757076
4.6566040111306,0.447929046161482,0.618271562013534,0.853485088225205,0.383392523287281,0.561269051328455,4.68255846140648,4.64326729245328,3.60123036304977,3.62595897209813,4.25985349025318,8.6294089960576,4.41070995213867,4.06050502782044,4.639538226764,4.81640989724098,3.31799976531124,3.76504393021821,3.85040477572005,3.55529232186406,6.27848957331719
3.373254264922,0.388064584668923,0.508754879239598,0.668555313233245,0.331549124217123,0.483196072344045,3.86325984126488,3.81376988890247,2.93738782337366,2.91758240756095,3.49613865176623,6.93842459605252,3.64542496998596,3.24668423776962,3.86368902459197,3.96856553943267,2.66187807827679,3.12624042053094,3.03665738306082,2.88924135511373,5.15273828276035
3.21006716543963,0.330689158361032,0.416096131032773,0.575809306922935,0.310157333204764,0.4366196110753,3.24130761130625,3.22494791947551,2.41290351566703,2.48528503472161,3.01231248679483,5.64026889498182,2.99889218572313,2.77586652675175,3.36393572382869,3.68849478545971,2.17691492608191,2.75883577548913,2.59158079766398,2.51063414778758,4.68286831370108
2.48741396910206,0.263166442972731,0.351598329113863,0.431689178478842,0.262567888346966,0.334021075422982,3.3803413092782,3.97256834410786,2.72055707600863,2.64116754536478,3.16614353127541,7.35545008044559,3.9383544277251,3.35755167049048,3.85352060738355,4.13831771584312,2.39525252335973,2.75709048803592,2.66636835753001,2.63514534206107,4.99275606816836
1.85151871735929,0.324640792982125,0.40387747266562,0.450387984962303,0.309290391618036,0.42903806219017,3.15521309594984,3.62002391206064,2.6608387955837,2.51145103697711,3.1870248647296,6.25683330185642,3.6335110237501,3.13291801132488,3.81741093657586,3.84898613929783,2.39433977946339,2.95197093171251,2.56951981297054,2.7641194699626,5.21625146548088
1.40650748521247,0.293136035400488,0.416346697099521,0.414462221897083,0.26980885956959,0.33872968595258,3.36049849900804,4.10556880489389,2.79926223402003,2.63957959288645,3.15706185052641,8.49528931576572,3.93829965385765,3.63099941527715,3.2207949896922,3.90704151390337,2.50528719547536,2.86923786682151,2.72928419913583,2.55732391734945,5.232383653719
1.1010934034488,0.276661257447715,0.360405469853021,0.383107561610404,0.245819906501392,0.321603829184844,3.17151699729174,3.57791993291825,2.66472192595292,2.60096767686367,3.09238837915604,6.7224106180596,3.45519413207195,3.22204855586179,3.07028192851868,3.78290417377694,2.45636056197561,2.84180207198418,2.73010098596716,2.66496018746175,5.08736450866995
1.06497909840947,0.260225261995913,0.343304495774524,0.296659903686851,0.237006191271286,0.318324127607612,2.95001100953097,3.16970389611012,2.46462687390971,2.29350928774566,3.03229541888161,5.4716434358637,3.02034939747681,2.72941139360058,3.03175055211129,3.48565048330144,2.10224817588935,2.70745282839593,2.36439884846206,2.46568115028221,4.89242231571448
1.25752105008455,0.195522595266546,0.258285444200936,0.195927484221731,0.179868148876004,0.24724592133111,2.4516425893819,2.611489682478,2.05915315341235,1.86973175727459,2.53146235824627,4.48876398246806,2.54318807314304,2.21806217251098,2.63059502837899,3.02640505862145,1.74299829522636,2.30701637162886,1.93384683583392,2.03070384730877,4.10818534623308
1.93052852412217,0.54713039101731,0.515312359984036,0.434027071313348,0.381828463831296,0.363909069133759,3.46530989889273,3.51373425018278,2.68614337271582,2.77752348486312,3.62230035434229,5.24928808146117,3.26172660356317,3.24190402206259,4.01604970093157,3.60581851798128,2.50924155670001,3.22450844085472,2.94847566998701,3.34193676445919,5.66301616145123
1.67135713380597,0.550009203987656,0.585284822001521,0.516973811461288,0.432523934506758,0.53314419812089,3.93443106716166,3.89895506590327,2.90734009062074,3.29296733430611,4.46133641573829,5.42382856468374,3.34954856569136,3.63573919042952,4.88551736765893,3.70320419801657,2.78576787516547,3.62825078547184,3.59185512123978,4.15943045220426,7.02826555165625
1.63014054625435,0.782874780759063,0.742366667650637,0.856554743143642,0.632172921908774,0.711435850588768,4.7957010808341,4.14303326496801,3.31248159971409,3.56965603645654,4.65559763949422,5.28987361899614,3.49625024256581,3.63402296288527,4.87372816093814,4.24888502199873,3.15444823199382,3.83253884364589,3.84106812258536,4.29506067674969,7.26261869652642
5.77820889772926,0.860373728514155,0.891879222420752,0.504160805031856,0.761550507952707,0.937912128859769,4.42343441319768,3.75613882445521,2.95870277061403,3.25031365454775,4.15378981869727,4.73128786392601,3.09370177040302,3.21882560476464,4.19490165560708,3.97378579135657,2.79615445404549,3.28160125337965,3.43321411529569,3.76045929449347,6.29400436763105
4.3120870491822,0.689160675047401,0.690304210758539,0.455351386231498,0.61684035551452,0.762098172488343,3.95909895326187,3.33209121754858,2.85912607282792,2.966922620075,3.62814429061425,4.2093462035944,2.94148090216919,2.96265864883088,3.6362857459273,4.18282180973146,2.832775115136,3.1249065131833,3.29717404526691,3.32582550833638,5.22873576901327
3.16135609126806,0.561104468754623,0.583514418784364,0.407148392349139,0.49032873693325,0.612158923170549,5.19519628703481,3.76585469696019,4.65130499252356,3.16690157123399,4.20582469708744,4.26912737165782,4.02429921521506,3.03663904207162,3.96330265076675,7.75502214029294,3.18627742958683,4.53031276701292,3.63684345287803,3.31598420968614,5.6534667868169
2.39464749612146,0.584217286478993,0.752783515887038,0.493831161705349,0.504293950346824,0.718636995140623,6.98406714924156,5.94846587159598,5.01180370783765,4.01615961244981,6.01519097919346,11.8898514367482,5.64172749075026,5.05769071817645,6.61822899389549,7.33985261064167,3.7835263958095,5.49090263893993,4.25268853264401,4.8410219426791,11.3000718527729
2.24244504404612,0.335210361601373,0.496736273588736,0.317263013819258,0.249970262882648,0.270299377482578,6.0880157321738,5.07329183849593,4.21943170987636,3.55063096126934,5.62784891056739,9.42431249792755,4.70181102628939,4.23501029459792,5.71988926183091,5.99647028302881,3.32255514997879,4.86882405485494,3.7546061895535,4.44143185658319,10.769180916231
2.12177587485163,0.464765276426275,0.544045037539958,0.46125651434915,0.315100365506613,0.398683666137822,6.47933214586184,4.99176717643962,4.27784047315996,3.83612157348596,5.19748614850261,7.85154486432472,4.25340763230516,3.94803352912281,4.96552116426534,5.47442670020699,3.28063290906968,4.44389910381328,3.71146758610212,4.11664051645842,9.00767894667964
13.6193988399624,0.570505773856333,0.704218117605692,0.41137435264899,0.4544589274271,0.470553357972995,7.53986487005014,5.41457002217462,4.38876775797558,4.27948365841693,5.99535119361863,7.77727761351845,4.27694506065266,4.30538676646643,5.51299482572332,5.53812483707411,3.41345740558395,4.83664263729872,4.01868336230786,4.54431602588859,9.36709655064231
12.3280230901327,0.805168417544326,0.829316730557413,0.810664588372149,0.655064055217098,0.761723620759293,7.40899145221228,5.15417668961665,4.87065048676098,4.56114103653308,6.43331873409732,6.88278824803,4.23597477365418,4.15806670102547,5.4190328631092,5.92929103612342,3.87429006079287,5.40719128950577,4.1648932037568,4.85576701068854,9.68370733918258
9.33433618288235,0.655236224187413,0.626405930749063,0.683212277948937,0.470514572678049,0.69826367340821,6.21580754473157,4.3739300886949,4.20997622126067,3.89337688696847,5.5696492156765,5.81511266104025,3.78010789672288,3.61443000517226,4.7214423955188,5.13045094869562,3.37761374268461,4.7750452606094,3.63136293571728,4.19761939460415,8.32594116183667
6.7187854923982,0.614772585753382,0.628434070390469,0.641967145697145,0.474804453462099,0.653617120150686,5.41316934228534,4.09988207766544,3.65718750561306,3.56233671090444,4.81343280413764,5.48069711475403,3.55063510429299,3.50495456740177,4.40131756114457,4.53638767185524,3.03773206305251,4.14754118432869,3.39460224106835,3.76059127305227,7.02271515667185
7.15219605908533,0.389971512576727,0.374682118720224,0.384486860490701,0.282452835800719,0.44505286281719,4.99271229079939,3.995640121022,3.54398839272168,3.432215248311,4.65431299810907,5.12692439252783,3.59259300587741,3.43963671506832,4.42154693147396,4.44638200159182,3.1614214093406,4.26124553337756,3.40586714441121,3.89377993322108,6.83864881668171
5.06191209192981,0.388914562301283,0.40149440071405,0.367505685285086,0.292647577377945,0.455345475040172,4.62030421479855,3.97289866091517,3.34906729521553,3.26167707153517,4.51184410458172,5.05441603579258,3.45391404746704,3.34262329802199,4.56236217959562,4.09199519789845,2.96356008036765,3.99836863025454,3.14699241437246,3.72097504986555,6.7022491293035
4.73203865694962,0.408572838208077,0.43447856797381,0.462161748743226,0.323475211748492,0.461621918767761,4.29403593909625,3.87827257615826,3.18533097053266,3.13539417432208,4.29181555352221,5.7421337684859,3.2183846691262,3.43515894046429,4.99354798082178,3.96863356170315,2.80449203090959,3.61368228063912,3.0512925675899,3.67465294908943,6.53353272766729
3.53996584205824,0.292768424475015,0.285836105911603,0.306719568396298,0.187004699153727,0.299161835965739,4.15432046173907,3.56056970555702,3.00289206329336,2.98450061123116,3.95070511621436,4.97537723012329,3.03011851465733,3.15285823541505,4.40317489835359,3.6743523245688,2.64894226702098,3.30532670022114,2.96508910523968,3.45200517890438,5.95920655610106
2.71500680211039,0.166693034264263,0.273019702637192,0.272460003099962,0.132910363285337,0.227330023881989,3.5791882261784,2.96971473664551,2.50982514558533,2.51653247082836,3.23720366610681,4.22880820236248,2.60651328033422,2.59618692885737,3.52275479348234,3.26917463271679,2.21405203891804,2.70483511665072,2.58056840080118,2.82645227778918,4.88946693109073
2.28342163045122,0.274795102254452,0.37915347732565,0.401455490644191,0.245402143812291,0.291623817381812,3.38184385601064,2.79320170756462,2.38427763224939,2.42955870378803,3.01803566973981,3.75360757399278,2.45993889385841,2.43060417332905,3.22260919247056,3.02082516438964,2.09148597471961,2.48450372461989,2.43439433355192,2.59509212689217,4.73196589829906
2.11596188536065,0.325321382813685,0.395071254468248,0.461597920496375,0.386015744624571,0.438547358098779,3.49378906084,3.03848619863251,2.74370677426013,2.68309664221018,3.30965122252027,3.91271970240313,2.90294757466076,2.71180084130824,3.49841067787527,4.07299178623995,2.59034388916609,3.13334979844886,2.87236172084332,3.0769366656274,5.13010120050049
1.99044896333463,0.496284298578458,0.537353213221846,0.626058135487152,0.559693643494712,0.748560752662446,3.76265458609302,3.43043479445323,3.13856593064144,2.97237582083558,3.75427970893983,4.43575860837064,3.41651292034083,3.06350534329967,4.0177832861688,4.46505369189441,2.98592924324095,3.73737040171162,3.11999020727332,3.49160492309427,5.56618773113477
1.5875496964397,0.517450757030383,0.503061144344573,0.570313640521135,0.533160444420588,0.707878495645677,4.03078228569734,3.35814757690986,3.18227795136261,3.1325035557974,3.84181743018196,3.99339478075424,3.16925056882448,2.9334096448105,3.80701562834079,4.35016680262874,2.88292519309515,3.69330100206473,3.16128717871014,3.48667787519564,5.627832839249
1.40775146559719,0.379995683670696,0.360531620469018,0.454611920679762,0.40022682582342,0.504176037868542,3.40936607458076,2.78066929740198,2.65750256864976,2.59543971666403,3.23534235009541,3.41520767911767,2.68701889367961,2.46847109866211,3.17261141589994,3.64557204305273,2.40048241631742,3.0422866724943,2.62431086435469,2.89029289966049,4.78280115663957
1.18924259825925,0.361379054621792,0.352115978663795,0.392283608725974,0.389439994939093,0.466870210052519,3.45033562177241,2.69781220160448,2.64445222392172,2.66107094243917,3.18414961403707,3.17549657197881,2.56224039995459,2.41205779127671,3.00499788441374,3.52410396837946,2.36048458353688,2.87156018267399,2.72637065269448,2.85807789808081,4.72247604725911
1.00282572541801,0.338150144811432,0.378498151224077,0.390963148734164,0.417411642890366,0.479378736991461,3.76993558582924,2.9915705753778,3.01263887658966,2.916027684182,3.45022480845978,3.3470720127366,2.91013085857458,2.69452559086235,3.22703101495998,4.07363153038887,2.72302027286449,3.0990941452662,3.08019533227498,3.23362129085723,5.03277931880832
0.842638223170871,0.254278849431085,0.273953190754475,0.310594512950892,0.297097941045904,0.357245987489027,3.56354571480956,2.82762267186646,2.79953383386137,2.79655665877184,3.27105030102318,3.2974914233157,2.69276771444289,2.55536841376243,3.14335740607496,4.0653105311036,2.62328675955913,3.03572363180274,2.91953199103582,3.09719295938802,4.88916637882346
0.752197971462062,0.246469715948102,0.265621780236476,0.289016226747077,0.268732880948129,0.342571459581089,3.72381927319958,3.17478623195966,2.93613159834533,2.86617600737709,3.55154549651894,3.84000353477553,2.9521418697958,2.85630782209342,3.6608030162298,4.13303174470177,2.64935137319383,3.33263218686082,2.98137364281055,3.32648775676563,5.22099318527555
0.719019403009487,0.230457318314833,0.222650507793489,0.268862988811146,0.228174861749473,0.26307408379437,3.51270028175003,3.00209189629257,2.86373994501624,2.69873285649362,3.2917955410729,3.58334828552727,3.00508270130319,2.6636953865155,3.36620482996224,4.70042925364805,2.66288082764422,3.34430559008587,2.73179376214776,3.00572710919271,4.85910288661371
0.61842684811331,0.243987875937462,0.237044592718955,0.281018417705995,0.233006593465598,0.276121665986265,3.15136301275993,2.76950285573815,2.49694776895351,2.35588698431191,2.96589398019537,3.48354956299167,2.77753257786295,2.41048220085527,3.17680227356601,4.08333486928379,2.35078852380313,2.94911190321457,2.37435141942715,2.62645433301706,4.38508164282855
0.727860735419284,0.317789493028178,0.338847523496929,0.423635878756438,0.302992125037869,0.361058614917972,3.8485680332119,3.66508235541702,3.29354078951043,3.13992435717404,3.82787355202429,4.75244556761602,3.70885627888822,3.36512545656818,4.42724302826814,4.61714919440524,3.14813982751096,3.79576815756734,3.16201874851647,3.52082767755118,5.42830260683195
3.01539515084185,0.426975698954629,0.397390263095827,0.65037014008759,0.447962727419225,0.591960239231087,3.90421030546887,3.55596715625895,3.29099309399744,3.15093092458916,3.82627379488904,4.42967097010837,3.48816833589904,3.18614847127805,4.10693494630278,4.41842022019337,3.06415096103115,3.69743134543985,3.19762646309868,3.5514782894508,5.22981124611169
2.56823021365462,0.61108726565745,0.607228672205061,0.836091274519242,0.657950066440092,0.881400490851491,3.82013046339256,3.45438206256288,3.16366601899233,3.06100543438936,3.89735360233137,4.21477187571116,3.45102040711951,3.08276374637864,4.07611061976501,4.48549362858585,3.06392623335587,3.88171112099358,3.10664162620783,3.62432925442277,5.94002848388868
2.448901485238,1.1667476223246,1.09276486950598,1.38381667000257,1.17972946790937,1.47288702474667,4.406292166707,3.93674802395669,3.85840385392231,3.47804050578164,4.61900729175715,4.79247086966681,4.0953080810912,3.43852746338337,4.72456736068801,5.17797164803683,3.52986979132103,4.67633949448981,3.51255984908492,4.12928830742987,6.64062927227368
2.27537185699264,0.878328533133892,0.840279446993331,1.12002517749923,0.878952210729749,1.12250408398529,3.97718834178386,3.56765899027103,3.38488842134347,3.13999843112531,4.10587519606131,4.31158731592558,3.58570776236488,3.08963676697907,4.23940805979665,4.45236253682682,3.03545588935466,4.08517785636901,3.10318535939121,3.5979746479393,5.76924123609611
2.35183080155999,0.810252922978505,0.710898579252526,0.88788906689057,0.759488143069974,0.901780744905346,3.63464625822008,3.32375940679417,2.92507306635981,2.9800060821652,3.67700016492809,4.03109703288837,3.16279328000708,2.98523951824064,3.85191620700775,3.84708249094641,2.64308319884721,3.58407676380683,3.02194874360443,3.24417772749672,5.23959303439647
1.76866202982058,0.580002193206755,0.495652223735285,0.609369069560071,0.54104354766369,0.627111695862631,3.71732294627539,3.27876795501511,2.83717066718915,2.93324040516445,3.49326699827134,3.78078529612725,2.94004863972244,2.82484309413288,3.53188878249583,3.47998008818595,2.46423684201027,3.21235332700325,2.80629683629565,2.97074316009406,4.70123054060526
1.39327045390941,0.447345387782834,0.403808161332064,0.477693112448072,0.42662859255617,0.493142883543271,3.32626342299803,2.9114818319279,2.45949400885653,2.63768568184665,3.12171026412316,3.37027822493679,2.58008527226264,2.51423741554898,3.12891491682687,3.07550886038985,2.1540484953443,2.87673990735307,2.5234793332793,2.65834278758084,4.23831313133279
1.1737666749655,0.444356468103161,0.420365910783494,0.500878243217833,0.43160731075684,0.487281613963933,3.12901130571963,2.72946504636443,2.52767861571577,2.44355590250069,2.76650161374979,3.21434336685373,2.58455211714015,2.39047535770608,2.88979708818485,3.33605908905909,2.14920743606366,2.64499107516131,2.53755638062197,2.45611342948903,3.96155276949647
1.91391099039139,0.183639995344089,0.270351258754714,0.37169293755258,0.217533415815678,0.260829488124975,3.10344742879434,2.73972984150635,2.51302607960282,2.37301439623224,2.79091282295143,3.2160109599923,2.61465359857646,2.31483739474256,2.80089429586517,3.38988946079742,2.08419382747496,2.60815954750536,2.34670534283387,2.34782065556229,3.82244465191357
1.7820061673013,0.155667539457442,0.247517283393481,0.299295684729133,0.170521789793877,0.273465711240199,3.75143361621927,3.4367826527867,3.04738458937365,2.93671229011391,3.62477722778571,3.96788532796593,3.14814491138877,2.89895449461252,3.69510599721045,3.70315482293054,2.54770664503379,3.27646272025802,2.79808144327278,3.08628787513003,4.81619421965584
1.38356247047747,0.226411671271078,0.266362570351762,0.33061057128052,0.221981505437316,0.410751305142815,4.03259683948658,3.37857735862257,2.99945740134718,3.08210458539041,4.03506774221766,3.72745939519225,2.99197880981091,2.80662792194931,3.77161911872556,3.49024318141521,2.5304395220935,3.28501414643044,2.82775740280305,3.32603988715369,9.51736923076413
1.08726961938854,0.226298557349024,0.229892544501014,0.262161947953904,0.213267843725412,0.364352985695683,3.94237773378485,3.32144787131364,2.67900288225421,2.85768898220271,4.25966800156725,3.91176333327794,2.62923725754383,2.7120827969085,4.23789582874505,3.10445355120839,2.19912849490997,2.85124669730418,2.61046024718275,3.47792497930451,11.7331321108715
0.887384077378087,0.207667613169169,0.207560585252975,0.247775765905995,0.198071883804862,0.272522090127548,3.49821082708745,2.76549371088466,2.17673070503831,2.37659074205159,3.36272523740924,3.30987812528078,2.08766462937224,2.2799875152537,3.49985241902716,2.61858719385473,1.78523285331893,2.29631085004934,2.19739041941224,2.80870020647644,9.53275982288611
0.760001149373457,0.193572248516842,0.200831631251503,0.228703012040231,0.191597157429004,0.278113046613199,3.27571500195052,2.58589136737487,2.09344605091483,2.23618560659498,3.00168105570253,3.16739678413385,2.16011578061577,2.20302309332061,3.17775098345317,2.59018752531556,1.78814562065713,2.24616024831494,2.08852963258135,2.55985166320198,7.7965754855307
0.818348438308284,0.106213495947846,0.127144232885441,0.0953402910134816,0.17413436860482,0.125238556412941,3.35318896128233,2.6630100044437,2.21750636542901,2.26956313467072,2.98008295004366,3.13322398178622,2.27355939548001,2.22803719096583,3.05001746811174,2.90143338332297,1.88274522727748,2.29061142043753,2.09338098487218,2.41530228993562,6.62374389455006
0.846925656796766,0.326543869638183,0.339357344077998,0.391477544058865,0.362765989094331,0.326526748015833,3.28108498491502,2.703497541316,2.43505453167862,2.34675246733069,2.96868639621983,3.15543075822524,2.49602435676659,2.30446375892777,2.98689770703338,3.21658122694721,2.14728698637886,2.44685486041013,2.20112733866019,2.40750160804694,5.75646860680555
0.904640744439538,0.476558220415218,0.457081058499549,0.46570312307965,0.49378742597819,0.513156131369193,3.22099915664884,2.71804911929472,2.34649750758241,2.46147542304149,3.15937089931795,3.11347029640252,2.40383842429889,2.37960775776254,3.12394473526719,3.02646285797053,2.10231358988855,2.50362393091263,2.34723542437475,2.68397260622705,5.68928380025405
0.921456618611756,0.512710102306653,0.457230086769517,0.453881747562906,0.517759354661337,0.620846556812211,3.24585357168027,2.68455257124037,2.06702605518059,2.45862731407594,3.12081954976756,2.99132923395233,2.06519409573201,2.27630865492207,2.98840278810743,2.65444888019039,1.80805349781996,2.32335166262575,2.27867758695176,2.60313588216552,5.37855083549539
5.77029026923171,1.005067638675,1.03852392243825,1.25984508970274,0.93414204955469,1.16900398154718,4.1515790276894,3.27271546574907,3.1356684711051,3.09412296008597,3.5389839678408,4.29457057323231,3.03902859301114,2.86072962223943,3.54512447307494,4.74237440450058,2.83144479679556,3.20909706282174,3.11338665682847,3.06621152621267,6.27160000314641
4.58864282544206,1.04630141990932,0.972755816801118,1.20879046019094,0.954361417506051,1.06380501411444,5.03405740670276,4.05894303655514,4.09174723687755,3.9564583215615,4.24229599829408,4.76702593052897,3.81251884503592,3.57172060809855,4.20044064371318,6.02685836723041,3.76831793688471,4.15332201206209,3.83337270145574,3.80418261119781,7.3748439869833
5.06442141782953,0.956070851391973,0.932821323996417,0.917576003960484,0.931222705000207,0.989095160381337,4.50329776392339,3.7094900796256,3.71674441390246,3.61401796208706,3.64610634258554,4.54518123894309,3.4663501558327,3.35497469687306,3.66565460485979,5.57034859940258,3.38434016150017,3.50774837200031,3.55802718257898,3.25272057728288,6.26092633893959
4.20534787705121,1.07595140676266,1.09693863607407,1.15883538568613,1.12871243809932,1.23448775825932,4.36710253764722,3.43552210544896,3.56291134434685,3.50773714951271,3.48583995684214,4.1552697939907,3.28257020578415,3.12614784622814,3.40200344070982,5.25415338659025,3.33442533155674,3.45294543961988,3.57268996354109,3.18751072892848,5.59346085545568
5.33634111445081,1.2699249892888,1.1363688529541,1.43545026101197,1.1816929975212,1.27437487142231,4.37309506121975,3.50050682689584,3.24002736741176,3.46218342092423,3.65332643631596,4.13658485851737,2.96498991664674,3.18382448506296,3.72012834392048,4.72755860266791,2.9987714721878,3.23881102684375,3.46858262608881,3.43595483680023,5.87283025980361
13.5799352439002,1.60858141938504,1.52421671380494,1.46619380163919,1.35434639983364,1.56722457428836,4.47737494557418,3.70563634525927,3.22281158831334,3.50110062655843,3.71887475628928,4.43927430179854,2.83648198514419,3.21584604132367,3.75085508596892,4.59427507867983,2.90469236036,3.09871368297426,3.37688692418561,3.27966556931961,5.69692095290134
10.1357496050666,1.67178265235051,1.56888797862784,1.4922033364053,1.47310895685082,1.66557090931354,4.22005828725254,3.66031663970319,3.19818493589918,3.44948853219367,3.63452224908544,4.58007067538792,3.07156744056689,3.29008965862666,3.65631114901562,4.53490285580861,2.96149708080913,3.09024820510995,3.38845681943402,3.28824678837544,5.49473000890009
8.14548043767977,1.7334743992659,1.7113373941744,1.6009828010803,1.57748525935951,1.71113264193121,4.13431337910972,3.68598260129211,3.1959508018327,3.41920611269516,3.67701048055452,4.49729840560588,3.11507592175047,3.37640867553892,3.76459177382818,4.51891802536831,3.00255494870249,3.16369862823745,3.37840985344283,3.34826411196435,5.4539272639339
6.5659897837091,1.41127178251583,1.40157792837726,1.26141080552549,1.25783613223703,1.38952910169561,3.58520836878224,3.0560616599715,2.53991045779221,2.86417707268121,2.88078371452805,3.82590730212769,2.47512214964587,2.75720799941132,2.90810517271099,3.65593620417777,2.31829790706757,2.4348184402113,2.81255006061394,2.66041116804979,4.74857714402635
4.87931469082171,1.21032408460743,1.18784226924348,1.12858006069281,1.08725594226871,1.23626593907682,3.48786358309811,2.90723831019473,2.37900441690497,2.67212175869704,2.94017323843864,3.54108785388672,2.32905892152862,2.49117211033545,2.81653308857537,3.30730543894577,2.13237748514189,2.37773705523934,2.61140971080879,2.57773916647813,4.50436100967586
5.51156294098092,0.885853694909295,0.933132165596876,0.879643700925738,0.796826753080958,0.970000880452704,3.8161988177344,3.13401785086763,2.55859958210542,2.97948132633834,4.15989484137458,3.61623805228749,2.47258034594471,2.66651032409113,3.69663790619779,3.31176160977298,2.25788847130902,2.68879689762937,2.82293156533257,3.52511676021834,13.4177175536744
8.68714634998939,0.843803075646861,0.690130215656235,0.870320917034162,0.738189989869594,1.2603808080936,4.83006396133396,4.05270225823332,3.51821376530584,3.75558550364599,4.93535642558084,4.48202343730366,3.5175840866795,3.39771713618244,4.50345645267068,4.71376378537015,3.07814038161187,3.54837888829664,3.4786788193425,4.2901208334755,13.5989038701888
6.57259941970601,1.07996209245942,0.962064569288205,1.17934908046142,0.952117075015874,1.40994334342947,5.01463448021053,4.0838334960784,3.92040864947008,3.88292197956652,4.95925862452957,4.33594303590746,3.69460518933796,3.42241002537043,4.38677681868905,5.12816636782467,3.30601705412301,3.9139546455746,3.51604649333859,4.21296072297967,11.4644023669845
5.71609199939023,1.66469546404212,1.537491106057,1.82061311892158,1.4412146380182,1.84583635269396,5.30536316849264,4.52175506136661,4.47780778149025,4.42282910608477,5.08537273640987,4.8533633048721,4.27764357456547,3.97504911832486,4.72572909200141,5.74140458156453,3.99734050137233,4.31438265258017,4.30393219508644,4.56912844903447,9.91422401411405
5.4212513393941,1.54468707080725,1.50891190153445,1.76309507059162,1.39451887014839,1.68263183314079,5.07508445365301,4.37899851744585,4.28298839695405,4.33028456525201,4.82064232118619,4.71143347399989,4.10234116485397,3.96809147798061,4.55486569374585,5.42118817521076,3.89027320397954,4.15756795584673,4.23841129694086,4.40085906137231,8.32865398833412
8.36908905015061,2.05802290944682,1.9380249862325,2.16590996459301,2.01136410523873,2.12867645057874,6.17748096388783,5.59956493115212,5.2714604786584,5.532017765945,5.54792226461892,6.14653922660158,5.23068460402404,5.27563007393514,5.43615927522494,6.62939559432682,5.34090302872103,4.97537438346221,5.82483280875304,5.22746112431642,8.0467360790459
10.4331050690076,1.74559483549478,1.78206406815496,1.8867965158993,1.60205266603884,1.74244219240031,5.27962778753171,4.62782571440849,4.44949424797438,4.58241858059856,4.58831472828863,5.33290733349859,4.42160533485141,4.29867412010723,4.44736516020848,5.66548515200138,4.38189919062064,4.15840728182757,4.70139715689626,4.25676093737515,6.4481982103155
8.43730395552189,2.16189148410376,2.34200246625442,2.63826526226244,2.01571065466053,2.39947865986773,5.76997929827245,5.41104590128205,5.46492660881679,5.02588217986529,5.50461329162116,6.29421420344456,5.6805196743059,5.02060931958291,5.66458804237663,7.12422305636936,5.20921947701098,5.64141194305934,5.07203402204712,5.05059242346144,7.45970677410503
9.75326776221974,1.44108915052522,1.63994588805343,1.89722596633637,1.36591128402272,1.65938362767173,5.08685324504118,4.61954458805238,4.73036346474522,4.30860508913022,4.67174634446559,5.37139880313357,4.80625597379229,4.18286330006745,4.78796635948863,6.11271693378277,4.41258581077358,4.7539690940771,4.22937070121705,4.20918737093768,6.2674899344925
7.05582489508641,1.17117072376702,1.40503153081591,1.57613099042922,1.18333667521848,1.35987245876554,4.26036259667177,3.7467929161197,3.7534370507411,3.46283538057985,3.72654316040347,4.5229354496107,3.91958663444264,3.45601674702981,3.88871050150154,4.96359118921349,3.56525092578577,3.820919268653,3.51597692347009,3.38981556465059,5.01733979096751
5.32845097767217,1.17674003337968,1.35290827316166,1.48623268182218,1.13345594681848,1.27207088239744,4.39123954367536,3.62993182705281,3.60689806593436,3.52310490773806,3.71193527187749,4.47320242092832,3.7815611873692,3.34614742008451,3.70495006102077,4.63813992563276,3.38127916170866,3.54184150251747,3.59311508632566,3.38445122671552,4.83281285185546
4.30641333753966,1.24137886916254,1.39714847500078,1.55630318511254,1.26957709003994,1.30320049729233,4.35839415923862,3.51999197241689,3.33813897067206,3.62219175563968,3.60068037671029,4.38246501791127,3.60281573990508,3.42975352642304,3.67038809862082,4.52757011053085,3.22375954349858,3.34724118400533,3.84143649411237,3.45133547893981,4.7810984621145
3.56490075999261,1.30932232598015,1.22372087219692,1.40844943483762,1.08397390834535,1.28233309579376,4.95880630688113,3.87397866250639,3.63486201780759,3.61286765498539,3.99757118589932,4.81298978600928,3.71248986143495,3.52618204786418,3.88345163745272,4.60583095362372,3.31031945629396,3.5424745278664,4.05612739958259,3.79953836429361,6.12355379105281
5.42969974658791,1.02236172763844,1.25243746215116,1.07201900246707,0.921200761868737,1.36177606720336,4.88607862161187,3.74669358436711,3.43709133930107,3.10998669754483,4.30851629410535,7.08238038510446,4.38562651496047,3.60189805262087,7.20501950601878,5.3700526903036,3.28637300820656,5.32806705969976,3.72862240055803,4.38227215967262,14.1071292421336
3.98547206263222,0.89893306250403,1.02326572066276,0.932827686345671,0.811908305107276,1.07249921451641,4.78877843686154,3.37104290500712,3.59576561605488,3.12526235767967,3.61694826475507,6.3765146070869,3.52138966135423,2.93413923642472,6.45278332148897,5.87095082107008,3.30271128493968,3.81916042948952,3.51184705916966,3.2475191929983,12.9292995403917
3.135753184085,0.863436060592953,0.878721376223725,0.865430806351287,0.76299487740064,0.960254187640006,4.97228431801056,3.44973246064875,3.26136424314991,3.03466261545242,3.59018069521201,5.62866826525208,3.0086145639653,2.69463500775594,5.33923555346339,5.38307646845814,2.89150527110467,3.61436838989917,3.17944056475944,3.10868237011108,11.0121898042907
2.91024265262673,0.655282458570477,0.710005833750642,0.690016549711574,0.601948273833531,0.613987133796729,3.89434855477982,2.84580066767263,2.62351559228459,2.42749882667323,2.90266474754838,4.76175025452819,2.67684483486666,2.26061291688942,4.12654905624839,4.72138026330535,2.39362042900589,2.78908382230217,2.56824299582504,2.45633536649701,8.40126490788928
2.61026230617938,0.50768873027547,0.603993075787263,0.584780505179061,0.518393881094826,0.468712528863629,3.83668526983287,2.74289168394132,2.50323399791519,2.37624296090213,2.71243984405521,4.22672293946951,2.51664715269597,2.20454148385495,3.3064462963415,4.41452055478645,2.27462238031594,2.38620735798231,2.39768229152223,2.18842161725706,6.73889415962919
2.05735983037643,0.467241621270998,0.508582038140777,0.548831514642364,0.453987285008798,0.495972754784686,3.55063401295737,2.65230569358311,2.51667777891485,2.34263943847468,2.77365818672456,4.59464311150899,2.60235688276354,2.17863240900107,3.37618036210462,4.39979570764849,2.31039171528273,2.72440099193396,2.49536124091969,2.27788484376739,6.35104705688201
1.83172101389837,0.526790814012704,0.572040036563211,0.683007172361809,0.53048337615469,0.593683378474676,3.34576331776886,2.53037365614113,2.52941453910322,2.32055255406175,2.74419629700083,4.00783528886786,2.46994707895372,2.07010137775433,3.0431311242549,4.04695917181686,2.29378539147876,2.65682658519619,2.43052905460989,2.30524386747999,5.60285149161602
1.73013074292905,0.412051393253185,0.503542271323665,0.542311435854085,0.392718965333584,0.52596786823724,3.1542066987155,2.49356571260237,2.19352980636686,2.13955567641406,2.37743565320276,3.81703325581577,2.1430519073722,1.94712718235887,2.80400890108639,3.72782407600084,2.02016451223724,2.17358092718473,2.17244156912851,1.8961110608218,4.8322182716092
1.97624503149202,0.52438772580103,0.622836392862161,0.637705262301047,0.518716252570003,0.574403446779755,2.89459070324017,2.19105106108905,2.06487581698549,1.98005230578675,2.29724584454624,3.2268249651316,1.89691681862973,1.75110466659355,2.47214936664066,3.50964613738766,1.84699464631252,2.14151800809614,2.02873893166602,1.79933549979798,4.71613027004872
1.78508639839561,0.623242359411207,0.723922401437221,0.63684820145486,0.663531177981224,0.680130657237171,3.6195489178334,2.99292948241744,2.62334546404936,2.68767164073251,3.05807603135628,4.37585279881992,2.69683372102039,2.71516784999304,3.28113510358453,3.89573244412653,2.4236118834138,2.76502600936416,2.86112376071222,2.57350511857528,5.19702170722907
4.53778279497512,0.3554457452429,0.397138846301943,0.392279489419495,0.421945636977045,0.448461387188225,3.1858551199766,2.64941886471897,2.34688944114922,2.35481332261708,2.60118381130021,3.93348765467283,2.51553112484162,2.3844061788328,2.67293324143754,3.42264567546118,2.19462984890568,2.36725146769791,2.58840527509884,2.31333831088653,4.88893740780747
3.53479158879615,0.376365676334429,0.385218881900653,0.470868447633583,0.391357244685825,0.488333868073706,3.272837523575,2.59765277410038,2.61581962427994,2.52935762861238,2.63029449878933,3.54801011054519,2.58491116178607,2.35345296623615,2.49431991045278,3.8209565062713,2.44124796889232,2.50246149209328,2.6974441857137,2.28701833282426,4.65080572953212
2.73705389174408,0.491530338854571,0.42690479505046,0.512547758843713,0.466813792094713,0.543111658788954,3.44014758616539,2.4558224427443,2.58849438251744,2.54101234479053,2.56392375829354,3.12254578816869,2.39346638101762,2.09984445889049,2.26478553206938,3.69782038087377,2.29402183982855,2.40959472444402,2.58107481298251,2.17728333801157,4.27232921935486
2.45687336020652,0.470521810354842,0.334654029227712,0.525732186898497,0.387965685436342,0.459160713408654,3.36933492398698,2.24177143186861,2.50156326078936,2.40192968969688,2.24225952769569,2.87926746326643,2.05875981259318,1.86461611652696,2.01576994625049,4.07191569398997,2.05985434110113,1.97406915422661,2.36668439393397,1.88310922056332,3.63153473978456
2.02380741418135,0.412904437204851,0.330499132400404,0.512251101262638,0.311890607172486,0.410529836636836,3.50037764243526,2.58479857304184,2.73329964770001,2.45119162822301,2.43883979175527,3.61183589079699,2.2043409407776,2.00902744245122,2.49934531004605,5.0012238608106,2.22468985421439,2.037948944063,2.39241939254172,1.93873669628566,3.89242155543697
1.91668148248186,0.430186456563246,0.337872884927956,0.575042486902821,0.339736816739112,0.447646567969924,3.30817357935436,2.56598808469976,2.69826590252619,2.35523768570193,2.52914236693744,3.81425734859189,2.56538891894658,2.1025997665034,2.6505094410952,5.03446563606842,2.23212763790824,2.43142805664813,2.43291500970346,2.15019599774206,4.50333413062164
2.02785139429691,0.4875675605935,0.363773188253862,0.720176596152005,0.414225892303616,0.615921233820349,3.23073889978341,2.47051225705366,2.51828852388316,2.32651252673072,2.40091153451937,3.4800916874317,2.30323377245684,1.99238837686165,2.26694575892185,4.33811257320466,2.14087885864132,2.35413345725611,2.38784817821433,2.13410528633392,4.57630464949565
1.72738302892213,0.464260046549549,0.35764038287334,0.589090925797637,0.389338902848673,0.537109883920227,2.71300731419947,2.269963103024,2.09817431785758,2.01605108723622,2.16122860079093,3.67844290856248,2.06083825912235,2.00535941642193,2.27611549057856,3.52438293798913,1.88010157288498,2.08004538066455,2.18498542362188,1.93282778918203,4.20719984542089
2.06904908558758,0.481022189651917,0.435773644159488,0.651074582331592,0.488733599341626,0.656109299880792,3.35314405384915,2.72214094433579,2.15691013433485,2.33970449722027,2.36337215597332,3.76231578857617,2.12925005943405,2.1890889111262,2.52604484922382,3.33529124111064,1.89445376897896,2.29159051192977,2.33099834611108,2.01827755645796,4.7292079695483
2.15573552609434,0.606283337010227,0.494538997273635,0.751111403508868,0.550990287169819,0.625906510764548,3.81610265154639,2.82332896562989,2.65411517738023,2.62862239021352,2.85241568025662,3.51397062115197,2.38267204472507,2.23972932711743,2.57003078457833,4.17062335544062,2.28072560193555,2.5745512879432,2.52660407458127,2.30306864905618,4.8307478950883
1.85510858199633,0.55243543682618,0.47972952399923,0.695300907616995,0.513334806955451,0.579501063401241,3.3764919525607,2.41591964163158,2.45331558082459,2.29341205923675,2.63707676054333,3.17045305945016,2.19947494244544,1.99066964095336,2.32713991390715,3.67317828269312,2.09358194670244,2.47144403552379,2.26067323360305,2.15091291374929,4.35038516760862
2.28499397254608,0.549394690403029,0.492022170793097,0.686153816082407,0.479183370551824,0.514709687377534,3.01319974337612,2.04007584880087,2.12769749925816,2.03642239781723,2.14632728499905,2.74330639740274,1.90266194100529,1.78550733083762,2.00375289650307,3.16660674341603,1.84507463532517,2.04618066353677,2.09567690266267,1.86228201155261,3.62667469683944
1.90455039544205,0.475334742007976,0.473277483513035,0.649758224037355,0.435017119670131,0.478783345811729,2.90780278992536,2.09734204560472,1.98823768491121,1.93413254619303,2.19892027456614,2.7963556353078,1.88822660328205,1.75209490922921,2.12300292262667,2.95487045903908,1.73786243605041,1.98263133533204,1.95663876100695,1.8252397074373,3.53904123336827
2.33922565849224,0.366718298732529,0.373392879703523,0.513784364826025,0.367209402752315,0.486737578867414,2.75097543840723,2.0786379750429,1.91497366239216,1.83483153839257,2.31553168356443,2.86023675393978,1.9823760034832,1.72342045197493,2.24947235224553,2.86512862098124,1.68578463926887,1.94410535304856,1.84491944864803,1.79847217253802,4.23378262915311
1.93192285255028,0.448419448918047,0.443615708633771,0.608742681402061,0.408064348053251,0.515139122685504,2.55103120218341,2.02421794604903,1.96879966597626,1.79248342997958,2.17147154549264,2.74778274922999,2.06439713019805,1.72478268210367,2.19430796619892,3.41657306071842,1.76307434715824,2.0967914537088,1.85717218190191,1.8560992489585,3.95964880370134
1.9246090593473,0.402195210641411,0.383914405249609,0.543473929169372,0.364634008952294,0.418116736543191,2.3025426985978,1.73602854813364,1.72494484148405,1.54143048279921,1.91081483872197,2.56953925590914,1.96115742228867,1.53945113241055,1.89868560023512,3.31740317329981,1.63449554826602,1.83015013042957,1.65573787380516,1.5754662747726,3.64049273017744
1.65944335123485,0.448275567434288,0.460420866031582,0.563297293251896,0.380899810269083,0.541240660036434,3.09592275156927,2.32091078167984,1.73435919310426,1.99131169469263,2.92797320994048,3.18347480180355,1.98148185038603,1.85104177627815,2.6068096843189,3.30741486383554,1.56515383924416,1.89173196399842,1.88791911373553,2.23144590346545,5.44207859892732
2.86303721112757,0.468407818212749,0.508296558631048,0.912213473791935,0.610724053499296,0.809778167073887,3.7688173758971,2.55184912213785,1.88472124665529,2.14177434208749,3.39219341765209,3.27286335486847,2.01763954578953,1.90530583324798,2.92720272067531,4.09441430434443,1.74164843112088,1.55570605653956,2.08837854629772,2.1949015249339,6.61769323623581
2.63188819087354,0.471556162681651,0.543617231835701,0.985768304797554,0.489278722706974,0.632853015245243,3.63406760249148,2.44068955481276,2.11441379628771,2.10721756367675,3.1602091891661,3.13607875704914,1.96908779351318,1.82705441539309,2.57932306365664,4.40820517486207,1.75380976246036,1.91273492410137,2.08489322214678,2.10117259823183,6.28717075593144
2.32465319664539,0.352181161453033,0.384826953168647,0.720513518496256,0.356796818950033,0.520595662436178,3.18822983343391,2.06751256917998,1.75787375019921,1.87628570932974,2.67140528741416,2.83061241917341,1.78684664406065,1.61684862509791,2.28297417491047,3.98051529869417,1.53060842367604,1.6949056360316,1.92653324976801,1.85521887453717,5.14111397102007
8.19568724332827,0.778425937751557,0.830332428658285,1.58634203610705,0.828483114368375,1.0868607697696,4.38097252843086,3.07596470194535,2.34323236037908,2.77184778449254,3.64601810865857,4.42078041992077,1.96712563387193,2.40678893381117,2.91632593286863,5.57543011183867,2.09630982921118,2.2276409328552,2.92682563987622,2.93896109769583,7.30645773209276
6.31850399710087,0.96020778092728,0.877744461785505,1.40269363517298,0.880191558274909,1.28472673033326,4.73012097444707,3.26244020950471,2.82038692078856,3.13547487888487,3.66283895968382,4.6759048636672,2.54947286829002,2.6685294826015,3.29597061565921,5.45668135141407,2.44424044521207,2.72223337105663,3.14892027725859,2.94001386822959,7.16481847236158
9.2179364802607,1.53840718147024,1.53875491668481,1.75343689833753,1.33149722101755,1.80331761318662,5.73436934600481,4.34542102216136,3.77608181915882,4.16188838140421,5.04716330404838,5.38157832006311,3.60549279634773,3.66126962894318,4.50316399017642,6.30039239692298,3.45473296588925,3.98695520072137,4.05913969939626,4.14411843695496,9.10125575417751
9.16622892728919,2.32827718205727,2.04695223267122,2.557053030283,2.20460166363025,2.36252191310263,6.27870183066099,4.84371414312614,4.57764848470687,4.77938662782087,5.42630519862107,5.8125496874739,4.35999732840111,4.16306801746687,4.76951797748082,6.9014205614057,4.24445248820261,4.43484583669667,4.7280601057331,4.4931680176911,8.88055438859393
13.0486196830116,2.81559412343932,2.43425807067716,3.45059688828895,2.39033714918253,3.02382825934453,6.53397664879282,5.18262106195983,5.15278020480905,4.94496737769449,5.75564904246754,6.09841475271327,4.81207300640307,4.41151959537174,5.11004457606192,7.60128554315295,4.45922977510777,5.04757705572987,4.76587140572992,4.70492579062725,8.60901920445695
14.941677041059,2.87325327159063,2.77615653410709,4.10847907899486,2.48093960962459,3.18234053677798,6.78030745751089,5.22352626382247,5.5460454489353,5.01752853727025,5.98719412763499,6.55529569473884,5.44655388617268,4.74584538976706,5.44269504871133,8.58114919780108,5.00275046787872,5.85680810988426,4.9225626002194,5.08250272507676,8.56387809575719
16.3797431280214,2.9909225342101,3.043249671029,3.64811502580132,2.50326206263624,3.08433250191529,6.56152678545535,5.2965039209645,5.19696594360411,5.0183166344812,5.88526521195744,7.07553312758829,5.22341235953817,4.98964428297457,5.69871029785637,7.61529315876565,4.83962493995512,5.60511690692621,5.01831787422099,5.32922750977387,8.721396559308
17.0726431034801,1.90634887878128,2.22166463237868,2.6177715110943,1.76598325083889,2.37250009829964,5.26448832565334,3.96663662513226,4.29247766853958,4.00986551422923,4.55470545381869,5.35880806899303,3.91600354717447,3.66217702832794,4.20300097459585,7.21749203522485,4.12509419000262,4.59517689226538,4.06919676964411,4.1574637042248,7.02704036933408
11.9740097398395,1.38730822578811,1.63096393133166,1.87872666025485,1.2773302608756,1.7091774031377,4.81779794106381,3.40343727274137,3.75813451597658,3.60067918265208,3.95032061447716,4.39088152253287,3.20071546802103,3.05006453025089,3.40514621268331,5.83572479413132,3.49835438207663,3.81062771839356,3.64843600293444,3.54922073953009,5.7771576907126
8.60194280864432,1.12028867557188,1.23071180528165,1.55400098906004,0.982942380204748,1.34591292486924,4.26396805919011,3.02545623435746,3.44464809412277,3.14395013898192,3.64352561673613,4.35415068223737,2.74896182534947,2.87383514974046,3.15082456711323,5.47506214125086,2.90042351740566,3.62388023816915,3.32062484255778,3.1868284151644,5.33035887421196
7.81082364583025,0.844083821379537,1.00914312136668,1.21771308773449,0.761341719384215,1.038200476531,3.99572694633628,2.66582721596043,3.29000788876074,2.86645388132153,3.22289872202362,4.07545510102237,2.68664296249434,2.41322399653213,2.84925366706808,5.18087727843276,2.73239787885901,3.22416681160468,2.90004810856933,2.68843109476158,4.73701434902576
6.94501510910283,0.836162280430997,0.916489470075631,1.11130347086376,0.656550653195914,0.871731685993407,3.53944263150293,2.48308695687647,2.8695572170535,2.51679174757025,2.8675968235176,3.67994669037695,2.47406886984268,2.1950100260113,2.558285459181,4.71624182251223,2.45032800977789,3.09267109850082,2.52977945324335,2.44128207962278,4.34087218684413
9.99280541975573,0.83205945301695,0.964361882102398,1.22703476102693,0.761199091340623,0.813105771200089,3.84034154404419,2.51964887485607,3.12321152218643,2.62010438441602,2.88963348722312,3.47348176897192,2.55522778841822,2.16867445952517,2.5603009970508,4.8931129910748,2.44533928820388,3.06782435530985,2.52318676625977,2.38571983535622,4.05273760064248
8.75090422942295,1.19680005259706,1.43875297744813,1.91463996165145,1.08442131457111,1.61623473131891,4.98667738824591,3.73683714924749,4.19116559713689,3.50940165404172,4.60250608773128,4.78217787610352,3.74632500971036,3.07612006478975,4.330823583499,6.24363495468497,3.25917305559665,4.54378248484613,3.21683838006904,3.65804309129294,6.49310194601654
7.45932469290578,1.32240679595412,1.4210928006698,1.99981959810667,1.2805633795378,1.56350643837979,5.5233681189389,4.00654432851213,4.40416202148377,4.08818773989364,4.82308350280193,4.99722059045169,3.93701351902417,3.43561081102357,4.34542851184797,6.32611902619616,3.59766097697254,4.62938016060955,3.91314953151836,3.93236920037637,6.54992198009784
8.10657132350992,1.46911480575208,1.81050609721268,2.32027364625372,1.49158839451226,2.11877221287196,6.40184450979783,4.88839940229533,4.77927007922378,4.97491970023331,5.89219077830916,5.73194965143233,4.37136230470276,4.30765783252347,5.43311798243827,6.57035407132182,4.22301062206671,5.38495364100214,4.84363185584291,5.1871115485075,8.94693575051667
10.3424392836767,1.37497986372704,1.87380057633146,2.32154911224092,1.62400308567581,2.27673646089767,5.86777710483037,4.63720124536215,4.77743791991603,4.67778189921147,5.23587841371854,5.77535574954816,4.58957144493849,4.21947637222257,5.11098883854381,6.67825439883966,4.41404190985289,5.18400938853048,4.65785286861296,4.71353619037193,7.95627120566029
7.5406843941676,1.17118585835365,1.49206478227734,2.00704514013443,1.38053000979449,1.92653806119833,4.9399766410382,4.11890696275885,4.04673073414356,3.98607323671406,4.50388087508841,5.35909962383981,4.05614562730549,3.80895323373336,4.59184667969929,5.91246831153464,3.84714939173971,4.73757134551578,4.10868680556151,4.1936141983206,7.0572690872505
6.407365499274,0.882405323831187,1.13393580676131,1.51903551901964,1.00477126799159,1.48287925354007,4.28524690632607,3.43189888240105,3.25858220217079,3.3268357004511,3.81405479521695,4.34357958626778,3.22188023451929,3.04941858590669,3.73186512004935,4.64223468729437,2.99597781109197,3.69064171824309,3.28172591217595,3.38011957184487,5.79883159441016
7.21198773647045,0.757252928120437,0.881101474312939,1.2242728264715,0.793138118412759,1.21437317858772,3.6632245682446,3.00925754745746,2.79253640987828,2.8877240926319,3.27549133799603,3.89747974247771,2.87218221390715,2.74320130468914,3.30333898870244,3.96854244248609,2.61974629540754,3.17899567391388,2.87236187504676,2.98035712333875,5.03722966344634
8.17149729421246,0.645649184740904,0.668318708980459,0.886292591338996,0.553712694425821,1.00447097717115,3.14090675113546,2.81037665425362,2.4945494111826,2.53642393864184,2.96059372856808,3.93363115642468,2.77863066498074,2.65792314133741,3.28667973175022,3.5792843920568,2.36992446806059,2.9610393980175,2.59383175252006,2.76342149491492,4.6098671788716
5.9477429096773,0.589599642392088,0.634197164995575,0.854825298317013,0.510221558698362,0.912162556845801,3.12349764086879,2.92671165116563,2.26584815863993,2.42659932943908,3.05917773248756,3.94934346493385,2.516334717637,2.59406809663542,3.39718711461427,3.15633241602003,2.09136860227551,2.76780248914071,2.42507899803556,2.64850120422613,4.73372438046708
4.44571170953041,0.491066233852927,0.542056540970436,0.718765906286034,0.438910098102005,0.749339432198212,2.74931346710687,2.60579858195551,2.01714659259834,2.14055999628722,2.71098973095876,3.47042319426383,2.23530894759867,2.28284182588635,3.02264650746622,2.7842336591231,1.82315378442278,2.35007118249858,2.10311838622237,2.34736127270071,4.16868241452466
